pdb	no_motifs	conn_res_paratope	conn_res_epitope	energy	hfr1	hfr2	hfr3	hfr4	lfr1	lfr2	lfr3	lfr4	cdrh1	cdrh2	cdrh3	cdrl1	cdrl2	cdrl3	avg_len_para	avg_len_epi
1A14_1	5	23	31	-4.66047	0	0	0	0	0	0	0	0	0	1	1	1	1	1	4.6	6.2
1A2Y_1	8	18	30	-4.31649	1	0	0	0	0	1	0	0	1	1	1	1	1	1	2.25	3.75
1A3R_1	9	37	37	-17.5147	1	0	1	0	0	1	0	0	1	1	1	1	1	1	4.111111111111111	4.111111111111111
1ADQ_1	8	26	33	-1.96437	1	0	0	0	0	1	1	0	1	1	1	1	1	0	3.25	4.125
1AFV_1	5	22	27	-1.7881	0	0	0	0	0	0	0	0	1	1	1	1	0	1	4.4	5.4
1AHW_1	8	28	41	7.2713	1	0	0	0	1	0	0	0	1	1	1	1	1	1	3.5	5.125
1AI1_1	5	29	14	5.90371	0	0	0	0	0	0	0	0	1	1	1	1	0	1	5.8	2.8
1BGX_1	13	77	101	27.8872	1	1	1	1	1	1	1	0	1	1	1	1	1	1	5.923076923076923	7.769230769230769
1BJ1_1	5	28	30	-6.27002	1	0	0	0	0	0	0	0	1	1	1	0	0	1	5.6	6.0
1BVK_1	8	19	33	-4.84564	1	0	0	0	0	1	0	0	1	1	1	1	1	1	2.375	4.125
1CE1_1	6	23	20	-0.384712	0	0	0	0	0	0	0	0	1	1	1	1	1	1	3.8333333333333335	3.3333333333333335
1CIC_1	7	20	74	-10.5262	0	0	0	0	0	1	1	0	0	1	1	1	1	1	2.857142857142857	10.571428571428571
1CIC_2	7	25	68	-10.5262	0	0	0	0	0	0	1	0	1	1	1	1	1	1	3.5714285714285716	9.714285714285714
1CU4_1	8	32	25	-7.03025	1	0	0	0	0	1	0	0	1	1	1	1	1	1	4.0	3.125
1CZ8_1	6	27	32	-8.07536	1	1	0	0	0	0	0	0	1	1	1	0	0	1	4.5	5.333333333333333
1DVF_1	8	27	74	-5.59287	1	0	0	0	0	1	0	0	1	1	1	1	1	1	3.375	9.25
1E4X_1	7	21	22	-10.818	0	0	0	0	0	1	0	0	1	1	1	1	1	1	3.0	3.142857142857143
1E4X_2	7	22	22	-9.13034	0	0	0	0	0	1	0	0	1	1	1	1	1	1	3.142857142857143	3.142857142857143
1E6J_1	5	23	26	-9.3049	1	0	0	0	0	0	0	0	1	1	1	0	0	1	4.6	5.2
1EGJ_1	6	30	25	2.91489	0	0	0	0	0	0	0	0	1	1	1	1	1	1	5.0	4.166666666666667
1EJO_1	8	32	27	-0.863602	0	1	0	0	1	0	0	0	1	1	1	1	1	1	4.0	3.375
1EO8_1	8	22	38	-4.27682	1	0	1	0	0	1	1	0	1	1	1	0	1	0	2.75	4.75
1F58_1	5	30	20	-8.3162	0	0	0	0	0	0	0	0	1	1	1	1	0	1	6.0	4.0
1F90_1	5	22	18	-8.88242	0	0	0	0	0	0	0	0	1	1	1	1	0	1	4.4	3.6
1FBI_1	6	26	41	1.20472	1	0	0	0	0	0	0	0	1	1	1	1	0	1	4.333333333333333	6.833333333333333
1FDL_1	8	17	29	-11.0276	1	0	0	0	0	1	0	0	1	1	1	1	1	1	2.125	3.625
1FE8_1	9	26	42	-10.3809	1	0	0	0	0	1	1	0	1	1	1	1	1	1	2.888888888888889	4.666666666666667
1FJ1_1	9	26	40	4.53934	1	0	1	0	0	1	0	0	1	1	1	1	1	1	2.888888888888889	4.444444444444445
1FNS_1	4	22	20	-11.039	0	0	0	0	0	0	0	0	0	1	1	1	0	1	5.5	5.0
1FPT_1	6	27	19	4.47495	0	0	0	0	0	0	0	0	1	1	1	1	1	1	4.5	3.1666666666666665
1FRG_1	4	28	15	-7.01383	0	0	0	0	0	0	0	0	0	1	1	1	0	1	7.0	3.75
1FSK_1	6	26	33	10.3691	0	0	1	0	0	0	0	0	1	1	1	1	0	1	4.333333333333333	5.5
1G7H_1	8	18	30	-3.75694	1	0	0	0	0	1	0	0	1	1	1	1	1	1	2.25	3.75
1G7I_1	8	18	32	-6.74449	1	0	0	0	0	1	0	0	1	1	1	1	1	1	2.25	4.0
1G7J_1	8	18	32	-6.64494	1	0	0	0	0	1	0	0	1	1	1	1	1	1	2.25	4.0
1G7L_1	8	18	32	-6.39248	1	0	0	0	0	1	0	0	1	1	1	1	1	1	2.25	4.0
1G7M_1	8	18	30	-7.78161	1	0	0	0	0	1	0	0	1	1	1	1	1	1	2.25	3.75
1G9M_1	3	23	21	-9.61636	0	0	0	0	0	0	0	0	0	1	1	0	0	1	7.666666666666667	7.0
1GC1_1	3	25	19	-4.60843	0	0	0	0	0	0	0	0	0	1	1	0	0	1	8.333333333333334	6.333333333333333
1GGI_1	8	21	21	-5.81977	0	1	0	0	0	1	0	0	1	1	1	1	1	1	2.625	2.625
1H0D_1	5	26	28	-14.1153	0	0	0	0	0	0	0	0	1	1	1	1	0	1	5.2	5.6
1HI6_1	8	29	31	28.8665	0	0	1	0	0	1	0	0	1	1	1	1	1	1	3.625	3.875
1I8K_1	6	23	21	-12.245	0	0	0	0	0	0	0	0	1	1	1	1	1	1	3.8333333333333335	3.5
1I9R_1	5	25	37	13.1739	0	0	0	0	0	0	0	0	1	1	1	1	0	1	5.0	7.4
1IAI_2	7	24	86	-0.623226	1	0	0	0	0	0	1	0	1	1	1	1	0	1	3.4285714285714284	12.285714285714286
1IC4_1	8	24	41	-9.4695	1	0	0	0	0	1	0	0	1	1	1	1	1	1	3.0	5.125
1IC5_1	8	24	42	-9.65829	1	0	0	0	0	1	0	0	1	1	1	1	1	1	3.0	5.25
1IC7_1	8	24	39	-11.002	1	0	0	0	0	1	0	0	1	1	1	1	1	1	3.0	4.875
1IFH_1	4	21	14	0.238465	0	0	0	0	0	0	0	0	0	1	1	1	0	1	5.25	3.5
1IKF_1	1	11	2	1.47291	0	0	0	0	0	0	0	0	0	0	1	0	0	0	11.0	2.0
1IQD_1	10	39	39	-9.07507	1	1	1	0	0	1	0	0	1	1	1	1	1	1	3.9	3.9
1J1O_1	9	26	43	-8.143	1	0	1	0	0	1	0	0	1	1	1	1	1	1	2.888888888888889	4.777777777777778
1J1P_1	9	27	46	-7.71422	1	0	1	0	0	1	0	0	1	1	1	1	1	1	3.0	5.111111111111111
1J1X_1	9	26	43	-8.1105	1	0	1	0	0	1	0	0	1	1	1	1	1	1	2.888888888888889	4.777777777777778
1JHL_1	5	17	24	1.38167	0	0	0	0	0	0	0	0	1	1	1	1	0	1	3.4	4.8
1JPS_1	7	27	36	-15.2025	1	0	0	0	0	0	0	0	1	1	1	1	1	1	3.857142857142857	5.142857142857143
1JRH_1	5	26	29	-10.8905	0	0	0	0	0	0	0	0	1	1	1	1	0	1	5.2	5.8
1KB5_1	7	28	85	14.5795	1	0	0	0	0	0	0	0	1	1	1	1	1	1	4.0	12.142857142857142
1KC5_1	5	19	18	-8.84397	0	0	0	0	0	0	0	0	1	1	1	1	0	1	3.8	3.6
1KCR_1	8	25	31	18.3797	0	0	0	0	1	1	0	0	1	1	1	1	1	1	3.125	3.875
1KCS_1	5	18	16	-8.9138	0	0	0	0	0	0	0	0	1	1	1	1	0	1	3.6	3.2
1KEN_1	6	20	27	10.6011	0	0	0	0	0	1	1	0	1	0	1	1	1	0	3.3333333333333335	4.5
1KIP_1	8	18	32	-9.21311	1	0	0	0	0	1	0	0	1	1	1	1	1	1	2.25	4.0
1KIQ_1	8	18	32	-4.86787	1	0	0	0	0	1	0	0	1	1	1	1	1	1	2.25	4.0
1KIR_1	8	18	33	-2.82902	1	0	0	0	0	1	0	0	1	1	1	1	1	1	2.25	4.125
1KTR_1	7	22	13	-5.23766	0	0	1	0	0	1	0	0	1	1	1	1	0	1	3.142857142857143	1.8571428571428572
1LK3_1	8	26	34	-5.42629	0	1	0	0	1	0	0	0	1	1	1	1	1	1	3.25	4.25
1MHP_1	10	31	34	15.7945	1	1	1	0	0	0	1	0	1	1	1	1	1	1	3.1	3.4
1MLC_1	7	23	35	4.61897	1	0	0	0	0	0	0	0	1	1	1	1	1	1	3.2857142857142856	5.0
1MPA_1	7	25	22	1.22608	0	1	1	0	0	0	0	0	1	1	1	1	0	1	3.5714285714285716	3.142857142857143
1MVU_1	6	27	17	-9.01526	0	0	0	0	0	0	0	0	1	1	1	1	1	1	4.5	2.8333333333333335
1N0X_1	5	27	21	-5.00716	0	0	0	0	1	0	0	0	0	1	1	1	0	1	5.4	4.2
1N64_1	7	29	27	-4.77522	1	1	0	0	0	0	0	0	1	1	1	1	0	1	4.142857142857143	3.857142857142857
1N8Z_1	7	24	29	0.0615296	0	0	0	0	0	1	0	0	1	1	1	1	1	1	3.4285714285714284	4.142857142857143
1NAK_1	8	18	25	1.77925	0	1	0	0	0	1	0	0	1	1	1	1	1	1	2.25	3.125
1NBY_1	8	25	44	4.80368	1	0	0	0	0	1	0	0	1	1	1	1	1	1	3.125	5.5
1NCA_1	7	30	44	-8.35462	1	0	0	0	0	1	0	0	1	1	1	0	1	1	4.285714285714286	6.285714285714286
1NCB_1	7	27	43	-11.1186	1	0	0	0	0	1	0	0	1	1	1	0	1	1	3.857142857142857	6.142857142857143
1NDG_1	9	25	46	-3.58374	1	0	1	0	0	1	0	0	1	1	1	1	1	1	2.7777777777777777	5.111111111111111
1NDM_1	9	26	44	14.5121	1	0	1	0	0	1	0	0	1	1	1	1	1	1	2.888888888888889	4.888888888888889
1NFD_1	7	26	29	6.63231	0	0	0	0	0	1	0	0	1	1	1	1	1	1	3.7142857142857144	4.142857142857143
1NL0_1	6	26	19	-9.10035	1	0	0	0	0	0	0	0	1	1	1	1	0	1	4.333333333333333	3.1666666666666665
1NMA_1	5	26	34	-3.69893	0	0	0	0	0	0	0	0	0	1	1	1	1	1	5.2	6.8
1NMB_1	5	22	32	-3.2042	0	0	0	0	0	0	0	0	0	1	1	1	1	1	4.4	6.4
1NMC_1	6	23	33	-7.31282	0	0	0	0	1	0	0	0	0	1	1	1	1	1	3.8333333333333335	5.5
1NSN_1	8	22	33	9.9293	1	0	0	0	0	1	0	0	1	1	1	1	1	1	2.75	4.125
1OAK_1	4	24	20	-4.95039	0	0	0	0	0	0	0	0	0	1	1	1	0	1	6.0	5.0
1OAZ_1	7	30	36	7.8341	1	0	1	0	0	0	0	0	1	1	1	1	1	0	4.285714285714286	5.142857142857143
1OB1_1	6	25	27	8.29506	1	0	0	0	0	0	0	0	1	1	1	1	0	1	4.166666666666667	4.5
1ORQ_1	7	23	29	-6.17612	1	0	1	0	0	0	0	0	1	1	1	1	0	1	3.2857142857142856	4.142857142857143
1ORS_1	6	15	25	-6.45847	1	0	0	0	0	0	0	0	1	1	1	1	0	1	2.5	4.166666666666667
1OSP_1	9	26	36	-2.23979	0	0	1	0	0	1	1	0	1	1	1	1	1	1	2.888888888888889	4.0
1P2C_1	7	23	36	-0.837565	1	0	0	0	0	0	0	0	1	1	1	1	1	1	3.2857142857142856	5.142857142857143
1P4B_1	8	20	20	-9.23583	0	0	1	0	0	1	0	0	1	1	1	1	1	1	2.5	2.5
1PG7_4	8	33	91	-6.70385	1	0	1	0	0	0	0	0	1	1	1	1	1	1	4.125	11.375
1PKQ_1	7	29	31	20.1993	1	0	1	0	0	0	0	0	1	1	1	1	0	1	4.142857142857143	4.428571428571429
1PZ5_1	7	31	22	-5.58122	0	1	0	0	0	0	0	0	1	1	1	1	1	1	4.428571428571429	3.142857142857143
1QFU_1	8	30	41	-11.0702	1	0	1	0	0	1	1	0	1	1	1	0	1	0	3.75	5.125
1QFW_1	7	27	27	5.15177	1	0	0	0	0	0	0	0	1	1	1	1	1	1	3.857142857142857	3.857142857142857
1QFW_2	6	26	28	5.3739	0	0	0	0	0	0	1	0	1	1	1	1	0	1	4.333333333333333	4.666666666666667
1QGC_1	6	28	21	-2.61094	0	1	0	0	0	0	0	0	1	1	1	1	0	1	4.666666666666667	3.5
1QKZ_1	6	29	27	-3.4028	0	1	0	0	0	0	0	0	1	1	1	1	0	1	4.833333333333333	4.5
1QNZ_1	8	35	38	10.7233	1	1	1	0	0	0	0	0	1	1	1	1	0	1	4.375	4.75
1R0A_1	7	24	29	-5.27645	1	0	0	0	0	0	0	0	1	1	1	1	1	1	3.4285714285714284	4.142857142857143
1RJL_1	6	21	29	-5.47941	1	0	0	0	0	0	0	0	1	1	1	1	0	1	3.5	4.833333333333333
1RVF_1	7	26	27	15.8956	1	0	1	0	0	0	0	0	1	1	1	1	0	1	3.7142857142857144	3.857142857142857
1S78_1	8	33	47	-9.51496	1	0	1	0	0	1	0	0	1	1	1	0	1	1	4.125	5.875
1SM3_1	7	17	24	-5.02491	1	0	0	0	0	0	0	0	1	1	1	1	1	1	2.4285714285714284	3.4285714285714284
1SY6_1	7	25	26	-4.76833	0	0	1	0	0	0	0	0	1	1	1	1	1	1	3.5714285714285716	3.7142857142857144
1TET_1	8	26	25	-4.03958	1	1	0	0	0	0	0	0	1	1	1	1	1	1	3.25	3.125
1TQB_1	8	33	43	-5.85602	1	0	0	0	0	1	0	0	1	1	1	1	1	1	4.125	5.375
1TZH_1	7	22	29	-5.20958	0	0	0	0	0	0	1	0	1	1	1	1	1	1	3.142857142857143	4.142857142857143
1TZI_1	3	5	6	-0.157954	0	0	0	0	0	0	0	0	0	1	0	1	0	1	1.6666666666666667	2.0
1UAC_1	8	23	42	-1.3616	1	0	0	0	0	1	0	0	1	1	1	1	1	1	2.875	5.25
1UJ3_1	8	28	48	-16.4829	1	0	0	0	1	0	0	0	1	1	1	1	1	1	3.5	6.0
1UWX_1	6	26	19	-3.8028	1	0	0	0	0	0	0	0	1	1	1	1	0	1	4.333333333333333	3.1666666666666665
1V7M_1	8	23	41	0.788806	1	0	0	0	0	1	0	0	1	1	1	1	1	1	2.875	5.125
1W72_1	7	28	46	-9.83755	1	0	0	0	0	0	1	0	1	1	1	1	0	1	4.0	6.571428571428571
1WEJ_1	7	21	27	-11.6825	0	0	0	0	0	0	1	0	1	1	1	1	1	1	3.0	3.857142857142857
1XGP_1	8	23	40	2.80757	1	0	0	0	0	1	0	0	1	1	1	1	1	1	2.875	5.0
1XGQ_1	8	23	43	6.03246	1	0	0	0	0	1	0	0	1	1	1	1	1	1	2.875	5.375
1XGR_1	8	24	45	5.90195	1	0	0	0	0	1	0	0	1	1	1	1	1	1	3.0	5.625
1XGT_1	8	24	46	5.82105	1	0	0	0	0	1	0	0	1	1	1	1	1	1	3.0	5.75
1XGU_1	8	24	45	7.52239	1	0	0	0	0	1	0	0	1	1	1	1	1	1	3.0	5.625
1XGY_1	6	21	18	0.305442	0	0	0	0	0	0	0	0	1	1	1	1	1	1	3.5	3.0
1XIW_1	9	41	77	-9.07004	1	0	0	0	0	1	1	0	1	1	1	1	1	1	4.555555555555555	8.555555555555555
1YJD_1	6	21	26	-2.69279	1	0	0	0	0	0	0	0	1	1	1	1	0	1	3.5	4.333333333333333
1YNT_1	7	30	42	11.2016	1	0	0	0	0	0	0	0	1	1	1	1	1	1	4.285714285714286	6.0
1YQV_1	8	25	34	-3.12115	1	1	0	0	0	0	0	0	1	1	1	1	1	1	3.125	4.25
1YY9_1	6	25	38	-3.80051	0	0	0	0	0	0	0	0	1	1	1	1	1	1	4.166666666666667	6.333333333333333
1Z3G_1	7	22	36	-1.15141	1	0	1	0	0	0	0	0	1	1	1	1	0	1	3.142857142857143	5.142857142857143
1ZA3_1	7	33	31	-3.40564	0	0	1	0	1	0	0	0	0	1	1	1	1	1	4.714285714285714	4.428571428571429
1ZTX_1	8	26	35	-6.55475	1	0	1	0	0	0	0	0	1	1	1	1	1	1	3.25	4.375
2A6I_1	7	23	18	57.5043	0	1	0	0	0	1	0	0	1	1	1	0	1	1	3.2857142857142856	2.5714285714285716
2ADF_1	8	22	38	-19.0316	1	0	0	0	0	1	0	0	1	1	1	1	1	1	2.75	4.75
2AEP_1	8	26	43	-8.68052	1	0	0	0	0	1	0	0	1	1	1	1	1	1	3.25	5.375
2AEQ_1	8	22	40	11.4708	1	0	0	0	0	1	0	0	1	1	1	1	1	1	2.75	5.0
2AP2_1	7	33	22	-5.98629	1	0	0	0	0	0	0	0	1	1	1	1	1	1	4.714285714285714	3.142857142857143
2ARJ_1	8	22	36	-2.42308	1	0	0	0	0	1	0	0	1	1	1	1	1	1	2.75	4.5
2B1H_1	6	34	27	-8.9773	0	0	0	0	0	0	0	0	1	1	1	1	1	1	5.666666666666667	4.5
2B2X_1	9	26	38	6.84063	1	1	0	0	0	1	0	0	1	1	1	1	1	1	2.888888888888889	4.222222222222222
2B4C_1	5	30	37	-7.05487	1	0	0	0	0	0	0	0	1	1	1	0	0	1	6.0	7.4
2BDN_1	8	24	32	-2.64729	1	0	1	0	0	0	0	0	1	1	1	1	1	1	3.0	4.0
2BRR_1	5	24	17	-2.43827	1	0	0	0	0	0	0	0	1	1	1	0	0	1	4.8	3.4
2CK0_1	6	26	18	4.72182	0	1	0	0	0	0	0	0	1	1	1	1	0	1	4.333333333333333	3.0
2CMR_1	8	33	36	-10.0403	1	0	1	0	0	0	0	0	1	1	1	1	1	1	4.125	4.5
2DD8_1	5	27	34	-5.36756	0	0	0	0	0	0	0	0	1	1	1	1	0	1	5.4	6.8
2DQC_1	9	26	45	-6.43781	1	0	1	0	0	1	0	0	1	1	1	1	1	1	2.888888888888889	5.0
2DQD_1	9	25	46	-1.75693	1	0	1	0	0	1	0	0	1	1	1	1	1	1	2.7777777777777777	5.111111111111111
2DQE_1	9	26	42	-6.04855	1	0	1	0	0	1	0	0	1	1	1	1	1	1	2.888888888888889	4.666666666666667
2DQF_1	6	22	34	0.615143	0	0	0	0	0	0	0	0	1	1	1	1	1	1	3.6666666666666665	5.666666666666667
2DQG_1	8	24	43	-6.45368	1	0	0	0	0	1	0	0	1	1	1	1	1	1	3.0	5.375
2DQH_1	9	26	44	0.630318	1	0	1	0	0	1	0	0	1	1	1	1	1	1	2.888888888888889	4.888888888888889
2DQI_1	7	23	39	-6.43217	1	0	0	0	0	0	0	0	1	1	1	1	1	1	3.2857142857142856	5.571428571428571
2EH8_1	6	25	22	1.02466	0	0	0	0	0	1	0	0	1	1	1	1	0	1	4.166666666666667	3.6666666666666665
2EIZ_1	10	28	43	4.27112	1	0	1	0	0	1	1	0	1	1	1	1	1	1	2.8	4.3
2EKS_1	10	29	43	2.68647	1	0	1	0	0	1	1	0	1	1	1	1	1	1	2.9	4.3
2FD6_1	5	16	30	-3.06191	0	0	0	0	0	0	0	0	1	1	1	1	0	1	3.2	6.0
2FJG_1	8	26	70	-1.84071	1	0	0	0	0	1	0	0	1	1	1	1	1	1	3.25	8.75
2FJH_1	8	28	27	-5.2785	0	1	0	0	0	1	0	0	1	1	1	1	1	1	3.5	3.375
2G5B_1	5	29	20	1.16274	0	0	0	0	0	0	0	0	1	1	1	1	0	1	5.8	4.0
2GSI_1	6	25	21	-0.135015	1	0	0	0	0	0	0	0	1	1	1	1	0	1	4.166666666666667	3.5
2GSI_2	6	24	22	3.00909	1	0	0	0	0	0	0	0	1	1	1	1	0	1	4.0	3.6666666666666665
2GSI_3	6	25	24	-1.002	1	0	0	0	0	0	0	0	1	1	1	1	0	1	4.166666666666667	4.0
2H1P_1	5	29	21	-1.43355	0	0	0	0	0	0	0	0	1	1	1	1	0	1	5.8	4.2
2H9G_1	8	26	31	-8.89443	1	0	1	0	0	1	1	0	1	1	1	0	1	0	3.25	3.875
2HFG_1	6	30	31	-17.318	0	0	0	0	0	1	0	0	1	1	1	0	1	1	5.0	5.166666666666667
2HH0_1	10	27	30	-0.2668	1	1	1	1	0	1	0	0	1	1	1	1	0	1	2.7	3.0
2HKF_1	8	30	23	-7.41953	1	0	1	0	0	0	0	0	1	1	1	1	1	1	3.75	2.875
2HMI_1	7	23	23	3.00136	1	0	0	0	0	0	0	0	1	1	1	1	1	1	3.2857142857142856	3.2857142857142856
2HRP_1	5	25	19	-9.334	0	0	0	0	0	0	0	0	1	1	1	1	0	1	5.0	3.8
2I9L_1	7	33	33	-2.69775	1	0	1	0	0	0	0	0	1	1	1	1	0	1	4.714285714285714	4.714285714285714
2IGF_1	6	31	17	-4.18878	0	1	0	0	0	0	0	0	1	1	1	1	0	1	5.166666666666667	2.8333333333333335
2IH3_1	8	26	33	-7.42411	1	0	0	0	1	0	0	0	1	1	1	1	1	1	3.25	4.125
2IPU_1	5	28	17	-10.5364	0	1	0	0	0	0	0	0	0	1	1	1	0	1	5.6	3.4
2J4W_1	5	25	29	-5.36924	0	0	0	0	0	0	0	0	1	1	1	1	0	1	5.0	5.8
2J6E_1	7	26	76	4.90719	1	0	0	0	0	0	0	0	1	1	1	1	1	1	3.7142857142857144	10.857142857142858
2J88_1	7	26	29	-13.058	0	0	0	0	0	1	0	0	1	1	1	1	1	1	3.7142857142857144	4.142857142857143
2JEL_1	7	31	27	-3.57206	1	0	0	0	0	0	0	0	1	1	1	1	1	1	4.428571428571429	3.857142857142857
2JIX_2	7	21	33	1.75223	0	0	0	0	0	1	0	0	1	1	1	1	1	1	3.0	4.714285714285714
2LTQ_1	5	21	23	8.78126	0	0	0	0	0	0	0	0	0	1	1	1	1	1	4.2	4.6
2LTQ_2	5	21	19	0.459605	0	0	0	0	0	0	0	0	0	1	1	1	1	1	4.2	3.8
2NR6_1	10	27	43	-6.47985	1	1	0	0	0	1	1	0	1	1	1	1	1	1	2.7	4.3
2NY1_1	3	23	21	-13.2675	0	0	0	0	0	0	0	0	0	1	1	0	0	1	7.666666666666667	7.0
2NYY_1	6	30	45	-9.12697	0	0	0	0	0	0	1	0	1	1	1	1	0	1	5.0	7.5
2NZ9_1	6	30	44	-4.99021	0	0	0	0	0	0	1	0	1	1	1	1	0	1	5.0	7.333333333333333
2OQJ_1	5	19	19	-1.20671	0	0	0	0	1	0	0	0	0	1	1	1	0	1	3.8	3.8
2OR9_1	6	28	21	-6.89654	1	0	0	0	0	1	0	0	1	1	1	0	1	0	4.666666666666667	3.5
2OSL_1	5	21	21	-2.15051	0	1	0	0	0	0	0	0	1	1	1	0	0	1	4.2	4.2
2OTU_1	6	31	24	0.823181	0	0	0	0	0	1	0	0	1	1	1	1	0	1	5.166666666666667	4.0
2OZ4_1	8	32	38	-8.86819	1	0	0	0	0	1	0	0	1	1	1	1	1	1	4.0	4.75
2Q8A_1	9	36	56	-11.279	1	0	1	0	0	1	0	0	1	1	1	1	1	1	4.0	6.222222222222222
2Q8B_1	9	36	52	-17.1333	1	0	1	0	0	1	0	0	1	1	1	1	1	1	4.0	5.777777777777778
2QAD_1	4	24	34	-6.49571	0	0	0	0	0	0	0	0	0	1	1	1	0	1	6.0	8.5
2QHR_1	5	35	26	-2.74218	0	0	0	0	0	0	0	0	1	1	1	1	0	1	7.0	5.2
2QQK_1	4	20	27	-8.90406	0	0	0	0	0	0	0	0	0	1	1	1	0	1	5.0	6.75
2QQN_1	4	16	19	-6.42068	0	0	0	0	0	0	1	0	0	0	1	1	0	1	4.0	4.75
2QR0_1	5	19	23	-2.69766	0	0	0	0	0	1	0	0	1	1	1	0	0	1	3.8	4.6
2QSC_1	5	24	17	-13.8386	0	0	0	0	0	0	0	0	1	1	1	1	0	1	4.8	3.4
2R0K_1	6	29	46	1.81235	1	0	1	0	0	0	0	0	1	1	1	0	0	1	4.833333333333333	7.666666666666667
2R0L_1	8	26	48	-12.7188	1	1	1	0	0	0	0	0	1	1	1	1	0	1	3.25	6.0
2R0W_1	5	29	17	-2.75661	0	1	0	0	0	0	0	0	0	1	1	1	0	1	5.8	3.4
2R0Z_1	5	28	16	-4.99208	0	1	0	0	0	0	0	0	0	1	1	1	0	1	5.6	3.2
2R29_1	8	29	38	13.5705	1	0	1	0	0	1	0	0	1	1	1	1	1	0	3.625	4.75
2R4R_1	8	26	32	4.06292	0	0	1	0	0	1	0	0	1	1	1	1	1	1	3.25	4.0
2R56_1	9	29	38	7.34702	1	0	0	0	0	1	1	0	1	1	1	1	1	1	3.2222222222222223	4.222222222222222
2UZI_1	6	24	38	-10.5603	1	0	0	0	0	0	0	0	1	1	1	1	0	1	4.0	6.333333333333333
2V17_1	7	22	15	-3.78687	0	0	0	0	0	1	0	0	1	1	1	1	1	1	3.142857142857143	2.142857142857143
2VH5_1	6	22	37	-12.3069	1	0	0	0	0	0	0	0	1	1	1	1	0	1	3.6666666666666665	6.166666666666667
2VIT_1	5	21	34	-3.04491	1	0	0	0	0	0	0	0	1	1	1	0	0	1	4.2	6.8
2VWE_1	9	32	108	-12.9837	1	0	1	0	0	1	0	0	1	1	1	1	1	1	3.5555555555555554	12.0
2VXQ_1	8	27	41	-12.9683	0	0	0	0	1	1	0	0	1	1	1	1	1	1	3.375	5.125
2VXT_1	10	34	47	-13.5175	1	0	1	0	0	1	1	0	1	1	1	1	1	1	3.4	4.7
2W65_1	6	27	18	2.3585	0	1	0	0	0	0	0	0	1	1	1	1	0	1	4.5	3.0
2W9E_1	7	24	38	-3.68538	0	1	0	0	0	0	0	0	1	1	1	1	1	1	3.4285714285714284	5.428571428571429
2WUC_1	7	27	51	-5.4762	1	1	0	0	0	0	0	0	1	1	1	1	0	1	3.857142857142857	7.285714285714286
2XQB_1	7	28	43	-13.7084	1	0	0	0	0	1	0	0	1	1	1	1	1	0	4.0	6.142857142857143
2XQY_1	9	31	50	-12.6879	1	0	1	0	0	1	1	0	1	1	1	1	1	0	3.4444444444444446	5.555555555555555
2XRA_1	7	31	36	-13.025	1	0	0	0	0	1	0	0	1	1	1	1	0	1	4.428571428571429	5.142857142857143
2XTJ_1	6	30	26	-9.3285	0	1	0	0	1	0	0	0	0	1	1	1	0	1	5.0	4.333333333333333
2XWT_1	10	45	58	-9.71807	1	0	1	0	0	1	1	0	1	1	1	1	1	1	4.5	5.8
2XZQ_1	7	21	20	14.7064	0	1	0	0	1	0	0	0	1	1	1	1	0	1	3.0	2.857142857142857
2Y06_1	5	24	23	6.82	0	0	0	0	0	0	0	0	1	1	1	1	0	1	4.8	4.6
2Y07_1	6	23	13	16.4032	0	1	0	0	0	0	0	0	1	1	1	1	0	1	3.8333333333333335	2.1666666666666665
2Y36_1	5	16	16	7.56941	0	1	0	0	0	0	0	0	1	1	1	0	0	1	3.2	3.2
2Y5T_1	6	29	48	-8.15429	0	0	0	0	0	0	0	0	1	1	1	1	1	1	4.833333333333333	8.0
2Y6S_1	9	29	37	-0.654654	1	1	0	0	0	1	0	0	1	1	1	1	1	1	3.2222222222222223	4.111111111111111
2YC1_1	6	26	31	-3.6447	0	1	0	0	0	0	0	0	1	1	1	1	0	1	4.333333333333333	5.166666666666667
2YPV_1	7	31	39	-6.66682	0	0	0	0	0	0	1	0	1	1	1	1	1	1	4.428571428571429	5.571428571428571
2YSS_1	9	26	47	2.57131	1	0	1	0	0	1	0	0	1	1	1	1	1	1	2.888888888888889	5.222222222222222
2ZCH_1	6	32	55	-9.20653	1	0	0	0	0	0	0	0	1	1	1	1	0	1	5.333333333333333	9.166666666666666
2ZJS_1	5	22	26	-4.12737	0	0	0	0	0	0	0	0	1	1	1	1	0	1	4.4	5.2
2ZPK_1	6	23	19	-9.33905	1	0	0	0	0	0	0	0	1	1	1	1	0	1	3.8333333333333335	3.1666666666666665
3A67_1	9	26	44	-7.9738	1	0	1	0	0	1	0	0	1	1	1	1	1	1	2.888888888888889	4.888888888888889
3A6B_1	9	25	42	-10.6906	1	0	1	0	0	1	0	0	1	1	1	1	1	1	2.7777777777777777	4.666666666666667
3A6C_1	9	25	42	-10.1548	1	0	1	0	0	1	0	0	1	1	1	1	1	1	2.7777777777777777	4.666666666666667
3AB0_1	7	21	33	-4.42632	0	0	0	0	0	1	0	0	1	1	1	1	1	1	3.0	4.714285714285714
3B2U_1	6	26	41	-7.45584	0	0	0	0	0	0	0	0	1	1	1	1	1	1	4.333333333333333	6.833333333333333
3B9K_1	8	21	35	-3.40451	1	0	0	0	0	1	0	0	1	1	1	1	1	1	2.625	4.375
3BAE_1	5	28	18	-1.04175	0	1	0	0	0	0	0	0	0	1	1	1	0	1	5.6	3.6
3BDY_1	6	24	28	-8.56594	0	0	0	0	0	0	0	0	1	1	1	1	1	1	4.0	4.666666666666667
3BGF_1	7	29	34	-0.0372909	1	0	1	0	0	0	0	0	1	1	1	1	0	1	4.142857142857143	4.857142857142857
3BKY_1	5	22	18	0.362118	0	1	0	0	0	0	0	0	1	1	1	0	0	1	4.4	3.6
3BN9_1	7	35	80	0.916199	1	0	1	0	0	0	0	0	1	1	1	1	0	1	5.0	11.428571428571429
3BQU_1	3	17	6	19.3488	0	0	0	0	0	0	0	0	1	1	1	0	0	0	5.666666666666667	2.0
3BSZ_1	8	23	28	15.4487	1	0	0	0	0	1	0	0	1	1	1	1	1	1	2.875	3.5
3C09_1	7	27	40	8.71491	1	0	0	0	0	0	0	0	1	1	1	1	1	1	3.857142857142857	5.714285714285714
3CSY_1	7	31	41	2.28583	1	0	0	0	0	1	0	0	1	1	1	1	1	0	4.428571428571429	5.857142857142857
3CVH_1	5	27	45	-5.88822	0	0	0	0	0	0	0	0	1	1	1	1	0	1	5.4	9.0
3CX5_1	6	26	33	-8.34801	1	0	1	0	0	1	0	0	1	0	1	0	1	0	4.333333333333333	5.5
3CXD_1	6	23	19	-9.78357	0	0	0	0	0	1	0	0	1	1	1	1	0	1	3.8333333333333335	3.1666666666666665
3D0L_1	7	30	20	-6.71132	0	0	0	0	1	0	0	0	1	1	1	1	1	1	4.285714285714286	2.857142857142857
3D85_1	8	24	37	-9.02375	1	0	1	0	0	0	0	0	1	1	1	1	1	1	3.0	4.625
3D9A_1	8	25	43	2.65743	1	0	0	0	0	1	0	0	1	1	1	1	1	1	3.125	5.375
3DRQ_1	6	25	15	-6.56154	0	0	0	0	1	0	0	0	1	1	1	1	0	1	4.166666666666667	2.5
3DVG_1	9	34	98	0.937757	1	0	0	0	0	1	1	0	1	1	1	1	1	1	3.7777777777777777	10.88888888888889
3DVN_1	9	34	89	6.82855	1	0	0	0	0	1	1	0	1	1	1	1	1	1	3.7777777777777777	9.88888888888889
3E8U_1	7	29	22	-6.65203	1	1	0	0	0	0	0	0	1	1	1	1	0	1	4.142857142857143	3.142857142857143
3EFD_1	4	18	16	2.45001	0	0	0	0	0	0	0	0	0	1	1	1	0	1	4.5	4.0
3EFF_1	5	23	54	21.1652	0	0	0	0	0	0	1	0	0	1	1	1	0	1	4.6	10.8
3EOA_1	7	24	27	-6.65295	1	0	1	0	0	1	0	0	1	1	1	1	0	0	3.4285714285714284	3.857142857142857
3EYF_1	6	28	22	-7.57759	0	0	0	0	0	1	0	0	0	1	1	1	1	1	4.666666666666667	3.6666666666666665
3EYS_1	5	28	12	-2.70566	0	1	0	0	0	0	0	0	0	1	1	1	0	1	5.6	2.4
3FFD_1	7	40	26	-7.65559	0	0	0	0	0	1	0	0	1	1	1	1	1	1	5.714285714285714	3.7142857142857144
3FMG_1	2	10	10	3.14692	0	0	0	0	0	0	0	0	0	1	0	0	0	1	5.0	5.0
3FN0_1	5	25	18	-10.8153	1	0	0	0	0	0	0	0	1	1	1	0	0	1	5.0	3.6
3G04_1	9	41	50	-7.55067	1	0	0	0	0	1	1	0	1	1	1	1	1	1	4.555555555555555	5.555555555555555
3G5V_1	7	21	29	-2.496	0	0	0	0	0	1	0	0	1	1	1	1	1	1	3.0	4.142857142857143
3G5Y_1	7	21	31	-1.01063	0	0	0	0	0	1	0	0	1	1	1	1	1	1	3.0	4.428571428571429
3G6D_1	9	30	31	-6.85375	1	0	0	0	0	1	1	0	1	1	1	1	1	1	3.3333333333333335	3.4444444444444446
3G6J_1	7	31	33	-2.66743	1	0	1	0	0	1	0	0	1	1	1	0	1	0	4.428571428571429	4.714285714285714
3GBM_1	5	16	25	-14.8415	1	0	1	0	0	0	0	0	1	1	1	0	0	0	3.2	5.0
3GBM_2	5	16	26	-8.30843	1	0	1	0	0	0	0	0	1	1	1	0	0	0	3.2	5.2
3GBN_1	5	16	27	-13.1786	1	0	1	0	0	0	0	0	1	1	1	0	0	0	3.2	5.4
3GGW_1	5	24	18	-6.64895	0	0	0	0	0	0	0	0	1	1	1	1	0	1	4.8	3.6
3GHE_1	6	30	28	-14.9733	0	1	0	0	0	0	0	0	1	1	1	1	0	1	5.0	4.666666666666667
3GI9_1	7	34	35	-6.70951	1	0	1	0	0	1	0	0	1	1	1	0	1	0	4.857142857142857	5.0
3GJF_1	7	36	58	-9.80338	0	1	0	0	0	0	0	0	1	1	1	1	1	1	5.142857142857143	8.285714285714286
3GO1_1	7	35	26	-13.4496	0	0	0	0	0	0	1	0	1	1	1	1	1	1	5.0	3.7142857142857144
3GRW_1	8	41	54	-15.071	1	0	1	0	0	1	0	0	1	1	1	1	1	0	5.125	6.75
3H0T_1	5	23	28	-7.18435	0	0	0	0	0	0	0	0	0	1	1	1	1	1	4.6	5.6
3H3P_1	6	31	22	-12.94	0	1	0	0	0	0	0	0	1	1	1	1	0	1	5.166666666666667	3.6666666666666665
3H42_1	7	33	49	-9.54396	1	0	1	0	0	1	0	0	1	1	1	0	0	1	4.714285714285714	7.0
3HAE_1	8	39	66	0.89239	0	1	0	0	0	1	0	0	1	1	1	1	1	1	4.875	8.25
3HB3_1	7	17	38	-0.465667	1	0	0	0	0	1	0	0	1	0	1	1	1	1	2.4285714285714284	5.428571428571429
3HI1_1	7	32	43	-3.92661	1	0	1	0	0	0	1	0	1	1	1	1	0	0	4.571428571428571	6.142857142857143
3HI6_1	9	26	40	-6.50445	1	0	1	0	0	1	0	0	1	1	1	1	1	1	2.888888888888889	4.444444444444445
3HMX_1	9	29	43	6.6773	1	0	1	0	0	1	0	0	1	1	1	1	1	1	3.2222222222222223	4.777777777777778
3HR5_1	6	26	22	-0.4751	1	0	0	0	0	0	0	0	1	1	1	1	0	1	4.333333333333333	3.6666666666666665
3I50_1	4	18	25	-2.18233	0	0	0	0	0	0	0	0	1	1	1	0	0	1	4.5	6.25
3IDG_1	5	32	14	-6.31142	0	0	0	0	0	0	0	0	1	1	1	1	0	1	6.4	2.8
3IDX_1	4	23	27	-8.33908	1	0	0	0	0	0	0	0	1	1	1	0	0	0	5.75	6.75
3IET_1	4	19	11	1.94311	0	0	0	0	0	0	0	0	1	1	0	1	0	1	4.75	2.75
3IFN_1	5	24	18	-5.26191	0	1	0	0	0	0	0	0	0	1	1	1	0	1	4.8	3.6
3IFO_1	6	29	19	-10.6745	0	1	0	0	0	0	0	0	1	1	1	1	0	1	4.833333333333333	3.1666666666666665
3IFP_1	5	28	17	-4.66873	0	1	0	0	0	0	0	0	0	1	1	1	0	1	5.6	3.4
3IU3_1	9	31	51	-0.182267	1	1	0	0	1	0	0	0	1	1	1	1	1	1	3.4444444444444446	5.666666666666667
3IYW_1	7	38	92	198.375	1	0	1	0	0	0	0	0	1	1	1	1	0	1	5.428571428571429	13.142857142857142
3J1S_1	2	11	7	2.45963	0	0	0	0	0	0	0	0	0	1	0	0	0	1	5.5	3.5
3J70_1	7	33	36	19.9371	0	0	0	0	0	1	1	0	1	1	1	1	1	0	4.714285714285714	5.142857142857143
3J8V_1	7	29	90	60.2911	1	0	1	0	0	0	0	0	1	1	1	1	0	1	4.142857142857143	12.857142857142858
3J8W_1	7	36	140	337.873	1	0	1	0	0	0	0	0	1	1	1	1	0	1	5.142857142857143	20.0
3J8Z_1	7	33	106	66.6479	1	0	1	0	0	0	0	0	1	1	1	1	0	1	4.714285714285714	15.142857142857142
3JAB_1	4	9	13	25.0253	1	0	0	0	0	0	0	0	1	1	1	0	0	0	2.25	3.25
3JAU_1	4	21	12	12.2048	0	0	0	0	0	0	0	0	1	1	1	1	0	0	5.25	3.0
3JBA_1	6	20	18	4.83953	1	0	1	0	0	0	0	0	1	1	1	0	0	1	3.3333333333333335	3.0
3JBQ_1	5	10	15	17.1462	1	0	0	0	0	0	0	0	1	1	1	0	0	1	2.0	3.0
3JCX_1	4	13	15	10.0715	1	0	0	0	0	0	0	0	0	1	1	1	0	0	3.25	3.75
3K2U_1	9	31	57	-6.61115	1	1	0	0	0	1	0	0	1	1	1	1	1	1	3.4444444444444446	6.333333333333333
3KJ4_1	6	27	34	81.4757	1	0	0	0	0	0	0	0	1	1	1	1	1	0	4.5	5.666666666666667
3KJ4_2	6	20	30	1.59657	1	0	0	0	0	0	0	0	1	1	1	1	1	0	3.3333333333333335	5.0
3KR3_1	6	28	42	-11.9946	1	0	0	0	0	0	0	0	1	1	1	1	0	1	4.666666666666667	7.0
3KS0_1	5	17	25	-5.6907	0	0	0	0	0	0	0	0	1	1	1	1	0	1	3.4	5.0
3L5W_1	5	18	17	-8.44104	0	0	0	0	0	0	0	0	1	1	1	1	0	1	3.6	3.4
3L5X_1	5	18	17	-7.71757	0	0	0	0	0	0	0	0	1	1	1	1	0	1	3.6	3.4
3L95_1	9	28	43	-7.33809	1	0	0	0	0	1	1	0	1	1	1	1	1	1	3.111111111111111	4.777777777777778
3LDB_1	6	31	30	-1.5314	0	0	0	0	0	0	1	0	1	1	1	1	0	1	5.166666666666667	5.0
3LEX_1	8	25	19	-3.95161	0	0	1	0	0	1	0	0	1	1	1	1	1	1	3.125	2.375
3LEY_1	8	25	19	-3.37329	0	0	1	0	0	1	0	0	1	1	1	1	1	1	3.125	2.375
3LH2_1	6	34	68	-18.162	0	1	0	0	0	0	0	0	1	1	1	1	0	1	5.666666666666667	11.333333333333334
3LH2_3	6	38	66	-14.8141	0	1	0	0	0	0	0	0	1	1	1	1	0	1	6.333333333333333	11.0
3LHP_1	6	34	31	-14.025	0	1	0	0	0	0	0	0	1	1	1	1	0	1	5.666666666666667	5.166666666666667
3LIZ_1	7	25	37	-4.3862	1	0	1	0	0	0	0	0	1	1	1	1	0	1	3.5714285714285716	5.285714285714286
3LQA_1	7	32	49	30.167	1	0	1	0	0	0	1	0	1	1	1	1	0	0	4.571428571428571	7.0
3LZF_1	7	37	42	3.55799	0	0	0	0	0	0	1	0	1	1	1	1	1	1	5.285714285714286	6.0
3MA9_1	7	35	38	-16.6372	1	0	0	0	0	0	0	0	1	1	1	1	1	1	5.0	5.428571428571429
3MAC_1	6	33	39	-19.2604	1	0	0	0	0	0	0	0	1	1	1	1	0	1	5.5	6.5
3MJ9_1	9	41	47	10.9309	1	0	1	0	0	1	0	0	1	1	1	1	1	1	4.555555555555555	5.222222222222222
3MLT_3	5	32	26	-7.98563	0	0	0	0	0	0	0	0	1	1	1	1	0	1	6.4	5.2
3MLW_1	6	35	26	-8.7053	0	0	0	0	0	0	0	0	1	1	1	1	1	1	5.833333333333333	4.333333333333333
3MLY_1	7	31	27	-10.0966	1	0	1	0	0	1	0	0	1	1	1	0	1	0	4.428571428571429	3.857142857142857
3MNW_1	9	27	26	-8.09652	1	0	1	0	0	1	0	0	1	1	1	1	1	1	3.0	2.888888888888889
3MNZ_1	9	28	25	-5.62437	1	0	1	0	0	1	0	0	1	1	1	1	1	1	3.111111111111111	2.7777777777777777
3MXW_1	8	26	43	-8.17501	1	0	0	0	0	1	0	0	1	1	1	1	1	1	3.25	5.375
3N85_1	7	25	46	0.693938	1	0	1	0	0	0	0	0	1	1	1	1	0	1	3.5714285714285716	6.571428571428571
3NCY_1	8	28	67	7.89297	1	0	0	0	1	0	0	0	1	1	1	1	1	1	3.5	8.375
3NFP_1	8	28	36	1.02922	0	0	1	0	0	1	0	0	1	1	1	1	1	1	3.5	4.5
3NH7_1	9	40	44	6.56698	1	0	1	0	0	0	1	0	1	1	1	1	1	1	4.444444444444445	4.888888888888889
3NPS_1	8	33	76	-5.05793	1	0	0	0	0	0	1	0	1	1	1	1	1	1	4.125	9.5
3O2D_1	7	37	50	-7.29336	1	0	0	0	1	0	0	0	1	1	1	1	0	1	5.285714285714286	7.142857142857143
3O41_1	5	26	19	-2.60078	0	0	0	0	0	0	0	0	1	1	1	1	0	1	5.2	3.8
3O6L_1	7	27	26	-6.36696	1	1	0	0	0	0	0	0	1	1	1	1	0	1	3.857142857142857	3.7142857142857144
3OPZ_1	9	26	39	-4.44144	1	0	0	0	0	1	1	0	1	1	1	1	1	1	2.888888888888889	4.333333333333333
3OPZ_2	8	26	36	-4.00373	0	0	0	0	0	1	1	0	1	1	1	1	1	1	3.25	4.5
3P0Y_1	7	28	34	-10.452	1	0	0	0	0	0	0	0	1	1	1	1	1	1	4.0	4.857142857142857
3P30_1	6	29	27	-0.538175	1	0	1	0	0	1	0	0	1	0	1	0	1	0	4.833333333333333	4.5
3PGF_1	9	31	43	-17.6193	1	0	0	0	0	1	1	0	1	1	1	1	1	1	3.4444444444444446	4.777777777777778
3PJS_1	5	25	58	27.5176	0	0	0	0	0	0	1	0	0	1	1	1	0	1	5.0	11.6
3PNW_1	5	28	31	-7.7952	0	0	0	0	0	0	0	0	1	1	1	1	0	1	5.6	6.2
3PP4_1	5	28	20	-6.37961	0	0	0	0	0	0	0	0	1	1	1	1	0	1	5.6	4.0
3Q3G_1	9	37	98	7.90391	1	0	0	0	0	1	1	0	1	1	1	1	1	1	4.111111111111111	10.88888888888889
3QG6_1	10	27	27	3.05131	0	1	1	0	0	1	0	1	1	1	1	1	1	1	2.7	2.7
3QNZ_1	5	21	10	1.24234	0	0	0	0	0	0	0	0	1	1	1	1	0	1	4.2	2.0
3QO0_1	5	20	6	5.29137	0	0	0	0	0	0	0	0	1	1	1	1	0	1	4.0	1.2
3QUM_1	7	28	49	10.3602	1	0	0	0	0	1	0	0	1	1	1	1	1	0	4.0	7.0
3QUM_2	8	26	45	19.8317	1	0	1	0	0	0	0	0	1	1	1	1	1	1	3.25	5.625
3QWO_1	8	27	36	-11.5868	0	0	0	0	1	1	0	0	1	1	1	1	1	1	3.375	4.5
3R08_1	7	25	33	1.94627	1	0	1	0	0	0	0	0	1	1	1	1	0	1	3.5714285714285716	4.714285714285714
3R1G_1	8	28	44	4.89754	1	0	1	0	0	1	0	0	1	1	1	0	1	1	3.5	5.5
3RAJ_1	7	17	25	5.95599	1	0	0	0	0	0	0	0	1	1	1	1	1	1	2.4285714285714284	3.5714285714285716
3RKD_1	5	27	39	-10.7132	0	0	0	0	0	0	0	0	1	1	1	1	0	1	5.4	7.8
3RVV_1	7	19	30	-8.2352	1	0	0	0	0	0	0	0	1	1	1	1	1	1	2.7142857142857144	4.285714285714286
3S35_1	7	33	41	-2.29088	0	0	0	0	0	1	0	0	1	1	1	1	1	1	4.714285714285714	5.857142857142857
3S37_1	8	31	39	2.34496	1	1	1	0	0	0	0	0	1	1	1	1	0	1	3.875	4.875
3SDY_1	8	27	83	-1.29516	1	0	1	0	0	1	0	0	1	1	1	1	1	0	3.375	10.375
3SE9_1	8	40	51	1.43599	0	1	1	0	1	0	0	0	1	1	1	1	0	1	5.0	6.375
3SGE_1	10	32	30	-10.3008	1	1	1	0	0	1	0	0	1	1	1	1	1	1	3.2	3.0
3SKJ_1	5	24	30	-7.01241	0	0	0	0	0	0	0	0	1	1	1	1	1	0	4.8	6.0
3SO3_1	7	39	69	-10.7376	1	0	0	0	1	0	0	0	1	1	1	1	0	1	5.571428571428571	9.857142857142858
3SOB_1	7	23	35	-7.45565	1	0	0	0	0	0	1	0	1	1	1	1	0	1	3.2857142857142856	5.0
3SQO_1	7	22	34	1.84542	0	0	0	0	0	1	0	0	1	1	1	1	1	1	3.142857142857143	4.857142857142857
3T3P_1	7	25	35	-10.2877	0	0	0	0	0	1	0	0	1	1	1	1	1	1	3.5714285714285716	5.0
3THM_1	7	47	41	-13.6879	0	0	0	0	0	0	1	0	1	1	1	1	1	1	6.714285714285714	5.857142857142857
3TJE_1	7	45	43	-10.371	0	0	0	0	0	0	1	0	1	1	1	1	1	1	6.428571428571429	6.142857142857143
3TT1_1	7	30	32	-3.25261	1	0	1	0	0	0	0	0	1	1	1	1	0	1	4.285714285714286	4.571428571428571
3TT3_1	8	31	45	8.86332	1	0	1	0	0	0	1	0	1	1	1	1	1	0	3.875	5.625
3TYG_1	3	22	12	0.890716	0	0	0	0	0	0	0	0	1	1	1	0	0	0	7.333333333333333	4.0
3U0T_1	8	30	29	-7.99331	1	0	0	0	0	1	0	0	1	1	1	1	1	1	3.75	3.625
3U2S_1	5	25	53	-0.109163	0	0	0	0	0	0	1	0	1	1	1	0	1	0	5.0	10.6
3U30_1	6	23	44	-7.44444	0	0	1	0	0	1	0	0	1	1	1	0	1	0	3.8333333333333335	7.333333333333333
3U7Y_1	7	34	56	0.44522	1	1	1	0	1	0	0	0	0	1	1	0	0	1	4.857142857142857	8.0
3U9P_1	6	19	28	-9.64929	0	0	0	0	1	0	0	0	0	1	1	1	1	1	3.1666666666666665	4.666666666666667
3U9P_2	5	18	28	-9.25758	0	0	0	0	0	0	0	0	0	1	1	1	1	1	3.6	5.6
3U9U_2	5	21	23	-4.4739	0	0	0	0	0	0	0	0	1	1	1	1	1	0	4.2	4.6
3UBX_1	7	17	23	-10.1531	0	0	0	0	0	0	1	0	1	1	1	1	1	1	2.4285714285714284	3.2857142857142856
3UC0_1	6	27	28	-4.55163	1	0	0	0	0	0	0	0	1	1	1	1	0	1	4.5	4.666666666666667
3UJI_1	6	31	32	-17.7989	0	1	0	0	0	0	0	0	1	1	1	1	0	1	5.166666666666667	5.333333333333333
3UJJ_1	9	32	28	-11.4247	1	1	0	0	0	0	1	0	1	1	1	1	1	1	3.5555555555555554	3.111111111111111
3ULU_1	6	29	43	0.437142	0	0	0	0	1	0	0	0	1	1	1	1	0	1	4.833333333333333	7.166666666666667
3ULU_2	7	27	35	8.66238	0	0	0	0	0	0	1	0	1	1	1	1	1	1	3.857142857142857	5.0
3ULU_3	8	27	40	6.22686	1	0	0	0	0	0	1	0	1	1	1	1	1	1	3.375	5.0
3V4U_1	6	24	21	-5.66114	0	1	0	0	0	0	0	0	1	1	1	1	0	1	4.0	3.5
3V4V_1	5	24	21	-1.82118	1	0	0	0	0	0	0	0	1	1	1	1	0	0	4.8	4.2
3V6O_1	6	22	29	-10.7873	0	0	0	0	0	1	0	0	1	1	1	0	1	1	3.6666666666666665	4.833333333333333
3V6Z_1	7	37	38	-4.30877	1	0	0	0	1	0	0	0	1	1	1	1	0	1	5.285714285714286	5.428571428571429
3V7A_1	5	28	31	-11.0325	0	0	0	0	0	0	0	0	1	1	1	1	0	1	5.6	6.2
3VE0_1	7	21	37	0.833284	1	0	1	0	0	1	0	0	1	1	1	0	1	0	3.0	5.285714285714286
3VG9_1	9	39	49	0.637952	1	0	0	0	0	1	1	0	1	1	1	1	1	1	4.333333333333333	5.444444444444445
3VI3_1	8	35	50	1.07649	1	0	0	0	0	1	0	0	1	1	1	1	1	1	4.375	6.25
3VRL_1	5	29	32	4.60116	0	0	0	0	0	0	0	0	1	1	1	1	0	1	5.8	6.4
3W2D_1	7	24	28	10.9998	0	1	0	0	1	0	0	0	1	1	1	1	0	1	3.4285714285714284	4.0
3W9E_1	9	35	52	-14.849	1	0	1	0	0	1	0	0	1	1	1	1	1	1	3.888888888888889	5.777777777777778
3WD5_1	7	27	31	9.61356	0	0	0	0	1	1	0	0	0	1	1	1	1	1	3.857142857142857	4.428571428571429
3WFD_1	7	30	55	-5.57087	1	0	0	0	0	1	0	0	1	1	1	1	1	0	4.285714285714286	7.857142857142857
3WHE_1	5	22	18	9.38236	1	0	0	0	0	0	0	0	1	1	1	1	0	0	4.4	3.6
3WIH_1	6	17	28	-12.1677	1	0	0	0	0	1	0	0	1	0	1	1	1	0	2.8333333333333335	4.666666666666667
3WKM_1	8	38	46	-9.38581	1	0	0	0	0	0	1	0	1	1	1	1	1	1	4.75	5.75
3WLW_1	6	26	31	-2.59552	1	0	0	0	0	0	0	0	1	1	1	1	0	1	4.333333333333333	5.166666666666667
3WSQ_1	7	22	19	9.24633	1	0	0	0	0	0	0	0	1	1	1	1	1	1	3.142857142857143	2.7142857142857144
3X3F_1	6	27	26	-14.5921	0	0	0	0	1	0	0	0	1	1	1	1	0	1	4.5	4.333333333333333
3ZKM_1	8	31	45	-14.2484	0	1	0	0	0	0	1	0	1	1	1	1	1	1	3.875	5.625
3ZTN_1	6	29	60	-8.45198	1	0	0	0	0	0	0	0	1	1	1	1	0	1	4.833333333333333	10.0
4AEI_1	8	33	38	-9.38537	0	1	0	0	0	1	0	0	1	1	1	1	1	1	4.125	4.75
4AG4_1	7	16	36	-11.807	0	0	0	0	0	1	0	0	1	1	1	1	1	1	2.2857142857142856	5.142857142857143
4AL8_1	6	21	26	-3.10626	0	1	0	0	0	0	0	0	1	1	1	1	0	1	3.5	4.333333333333333
4BH7_1	4	16	15	14.7824	0	0	0	0	0	0	0	0	0	1	1	1	0	1	4.0	3.75
4BH8_1	4	18	15	18.8703	0	0	0	0	0	0	0	0	1	1	1	0	1	0	4.5	3.75
4BKL_1	8	30	108	-9.94445	1	1	0	0	1	0	0	0	1	1	1	1	0	1	3.75	13.5
4BZ1_1	6	30	31	-5.60557	0	1	0	0	0	0	0	0	1	1	1	1	0	1	5.0	5.166666666666667
4BZ2_1	6	27	38	-11.7599	1	0	0	0	0	0	0	0	1	1	1	1	0	1	4.5	6.333333333333333
4CAD_1	7	31	45	-2.97456	1	0	0	0	1	0	0	0	1	1	1	1	0	1	4.428571428571429	6.428571428571429
4CMH_1	9	37	55	-22.0379	1	0	1	0	0	1	0	0	1	1	1	1	1	1	4.111111111111111	6.111111111111111
4CNI_1	7	25	30	-5.68229	0	0	0	0	0	0	1	0	1	1	1	1	1	1	3.5714285714285716	4.285714285714286
4D3C_1	8	24	29	4.34517	1	0	0	0	0	1	0	0	1	1	1	1	1	1	3.0	3.625
4D9Q_1	9	31	47	-9.94736	1	0	1	0	0	1	0	0	1	1	1	1	1	1	3.4444444444444446	5.222222222222222
4DAG_1	5	23	30	15.6344	0	0	0	0	0	0	0	0	1	1	1	1	0	1	4.6	6.0
4DGV_1	4	20	18	-11.75	0	1	0	0	0	0	0	0	0	1	1	0	0	1	5.0	4.5
4DKE_1	7	29	68	-10.8228	1	0	0	0	0	0	0	0	1	1	1	1	1	1	4.142857142857143	9.714285714285714
4DKF_1	5	16	23	5.3821	0	0	0	0	0	0	0	0	1	1	1	1	0	1	3.2	4.6
4DN4_1	7	21	28	-7.72157	0	0	0	0	0	1	0	0	1	1	1	1	1	1	3.0	4.0
4DQO_1	1	20	13	5.19051	0	0	0	0	0	0	0	0	0	0	1	0	0	0	20.0	13.0
4DTG_1	6	32	31	-7.94336	1	0	0	0	0	0	0	0	1	1	1	1	0	1	5.333333333333333	5.166666666666667
4DVR_1	6	25	35	-1.12101	0	0	0	0	1	0	0	0	1	1	1	1	0	1	4.166666666666667	5.833333333333333
4DW2_1	9	31	46	42.1926	0	0	1	0	0	1	1	0	1	1	1	1	1	1	3.4444444444444446	5.111111111111111
4EDW_1	7	25	28	-2.26913	1	0	0	0	0	0	1	0	1	1	1	1	1	0	3.5714285714285716	4.0
4EDX_1	9	34	98	-9.57312	1	0	1	0	0	0	1	0	1	1	1	1	1	1	3.7777777777777777	10.88888888888889
4ENE_1	6	21	42	-3.35274	0	0	0	0	0	1	0	0	1	1	1	0	1	1	3.5	7.0
4ETQ_1	7	34	46	2.72691	1	0	1	0	0	0	0	0	1	1	1	1	0	1	4.857142857142857	6.571428571428571
4F2M_1	8	26	27	1.61181	0	1	0	0	1	1	0	0	1	1	1	1	0	1	3.25	3.375
4F37_1	6	33	23	11.8073	0	1	0	0	0	0	0	0	1	1	1	1	0	1	5.5	3.8333333333333335
4F3F_1	9	36	45	-9.12417	1	1	0	0	0	1	0	0	1	1	1	1	1	1	4.0	5.0
4FFV_1	6	21	27	0.403892	0	1	0	0	0	0	1	0	1	1	1	0	0	1	3.5	4.5
4FFW_1	8	27	34	5.98748	0	1	0	0	1	0	1	0	1	1	1	1	0	1	3.375	4.25
4FFZ_1	7	26	43	-4.90849	0	0	0	0	0	1	0	0	1	1	1	1	1	1	3.7142857142857144	6.142857142857143
4FP8_1	3	26	27	0.901577	1	0	0	0	0	0	0	0	1	0	1	0	0	0	8.666666666666666	9.0
4FQI_1	6	18	27	-12.0293	1	0	1	0	0	0	0	0	1	1	1	1	0	0	3.0	4.5
4FQJ_1	9	31	33	-5.92776	1	0	1	0	0	0	1	0	1	1	1	1	1	1	3.4444444444444446	3.6666666666666665
4FQK_1	8	29	30	12.5679	1	0	1	0	0	0	1	0	0	1	1	1	1	1	3.625	3.75
4FQY_1	6	22	29	55.9097	1	0	1	0	0	0	0	0	1	1	1	1	0	0	3.6666666666666665	4.833333333333333
4G3Y_1	9	30	47	-0.625573	1	0	1	0	0	1	0	0	1	1	1	1	1	1	3.3333333333333335	5.222222222222222
4G6A_1	5	21	21	-7.76373	0	0	0	0	0	0	0	0	1	1	1	1	0	1	4.2	4.2
4G6A_2	5	21	21	-3.34377	0	0	0	0	0	0	0	0	1	1	1	1	0	1	4.2	4.2
4G6J_1	8	28	36	-8.50515	1	0	1	0	0	0	0	0	1	1	1	1	1	1	3.5	4.5
4G6M_1	6	22	38	-12.5478	0	0	0	0	0	0	0	0	1	1	1	1	1	1	3.6666666666666665	6.333333333333333
4G7V_1	7	21	24	-6.84291	0	0	0	0	0	1	1	0	0	1	1	1	1	1	3.0	3.4285714285714284
4G80_1	4	20	15	3.06479	0	0	0	0	0	0	0	0	0	1	1	1	0	1	5.0	3.75
4GAG_1	5	22	20	-5.83007	0	0	0	0	0	0	0	0	1	1	1	1	0	1	4.4	4.0
4GAJ_1	5	22	20	-3.22139	0	0	0	0	0	0	0	0	1	1	1	1	0	1	4.4	4.0
4GLR_1	6	22	16	-9.13583	0	0	0	0	0	0	0	0	1	1	1	1	1	1	3.6666666666666665	2.6666666666666665
4GMS_1	6	22	38	-6.13188	1	0	0	0	0	0	0	0	1	1	1	1	0	1	3.6666666666666665	6.333333333333333
4GMS_2	6	22	40	-3.9811	1	0	0	0	0	0	0	0	1	1	1	1	0	1	3.6666666666666665	6.666666666666667
4GXU_1	7	28	39	2.21737	1	0	0	0	0	1	0	0	1	1	1	1	1	0	4.0	5.571428571428571
4H88_1	6	20	26	-6.23323	0	0	0	0	0	0	0	0	1	1	1	1	1	1	3.3333333333333335	4.333333333333333
4H8W_1	7	27	39	-13.0598	1	0	0	0	0	0	0	0	1	1	1	1	1	1	3.857142857142857	5.571428571428571
4HC1_1	9	29	44	-1.58301	1	0	0	0	0	1	1	0	1	1	1	1	1	1	3.2222222222222223	4.888888888888889
4HCR_1	8	42	45	-6.49761	1	0	1	0	0	0	0	0	1	1	1	1	1	1	5.25	5.625
4HF5_1	6	27	36	-1.91051	1	0	0	0	0	1	0	0	1	1	1	0	1	0	4.5	6.0
4HFU_1	5	24	40	-5.00279	1	0	0	0	0	0	0	0	1	1	1	0	0	1	4.8	8.0
4HG4_1	7	22	34	0.111194	1	0	0	0	0	0	0	0	1	1	1	1	1	1	3.142857142857143	4.857142857142857
4HG4_2	7	23	33	1.75942	1	0	0	0	0	0	0	0	1	1	1	1	1	1	3.2857142857142856	4.714285714285714
4HHA_1	8	30	26	-8.14976	0	0	1	0	0	1	0	0	1	1	1	1	1	1	3.75	3.25
4HJ0_1	9	36	42	7.26872	1	0	1	0	0	1	0	0	1	1	1	1	1	1	4.0	4.666666666666667
4HLZ_1	5	20	64	-10.9096	1	0	0	0	0	1	0	0	0	0	1	1	1	0	4.0	12.8
4HPO_1	7	33	30	-17.9965	1	0	0	0	0	0	0	0	1	1	1	1	1	1	4.714285714285714	4.285714285714286
4HPY_1	8	40	27	-17.86	0	1	0	0	0	0	1	0	1	1	1	1	1	1	5.0	3.375
4HS6_1	5	22	21	-6.74058	0	0	0	0	0	0	0	0	1	1	1	1	0	1	4.4	4.2
4HS8_1	5	27	21	-9.71947	0	0	0	0	0	0	0	0	1	1	1	1	0	1	5.4	4.2
4HT1_1	8	26	36	1.11167	0	0	0	0	0	1	1	0	1	1	1	1	1	1	3.25	4.5
4HWB_1	9	29	50	-11.4717	1	1	0	0	0	1	0	0	1	1	1	1	1	1	3.2222222222222223	5.555555555555555
4HZL_1	6	37	25	-2.52085	0	1	0	0	0	0	0	0	1	1	1	1	0	1	6.166666666666667	4.166666666666667
4I18_1	8	30	43	-3.52003	1	0	1	0	0	1	0	0	1	1	1	0	1	1	3.75	5.375
4I77_1	8	27	36	-9.59192	1	0	0	0	0	1	0	0	1	1	1	1	1	1	3.375	4.5
4IDJ_1	5	30	26	3.23419	1	0	0	0	0	0	0	0	1	1	1	0	0	1	6.0	5.2
4IJ3_1	8	28	38	-10.2571	1	0	0	0	0	1	0	0	1	1	1	1	1	1	3.5	4.75
4IOF_1	2	19	20	-2.74404	0	0	0	0	0	0	0	0	0	1	1	0	0	0	9.5	10.0
4IOF_2	2	19	22	2.172	0	0	0	0	0	0	0	0	0	1	1	0	0	0	9.5	11.0
4IRZ_1	7	35	51	5.57781	1	0	0	0	0	0	0	0	1	1	1	1	1	1	5.0	7.285714285714286
4J4P_1	7	44	76	2.49952	1	0	1	0	0	0	0	0	1	1	1	1	0	1	6.285714285714286	10.857142857142858
4J6R_1	10	42	73	3.54571	1	1	1	0	1	0	0	1	1	1	1	1	0	1	4.2	7.3
4J8R_1	7	22	22	10.3993	0	0	0	0	0	1	0	0	1	1	1	1	1	1	3.142857142857143	3.142857142857143
4JAN_1	7	26	49	7.42985	0	0	0	0	0	0	1	0	1	1	1	1	1	1	3.7142857142857144	7.0
4JDT_1	6	26	36	15.2747	0	1	1	0	0	0	0	0	1	1	1	0	0	1	4.333333333333333	6.0
4JFX_1	5	23	16	-7.28905	0	0	0	0	0	0	0	0	1	1	1	0	1	1	4.6	3.2
4JFZ_1	5	25	16	-8.38166	0	0	0	0	0	0	0	0	1	1	1	0	1	1	5.0	3.2
4JG1_1	5	24	16	-7.12571	0	0	0	0	0	0	0	0	1	1	1	0	1	1	4.8	3.2
4JHW_1	6	28	35	0.586729	0	0	0	0	0	1	0	0	0	1	1	1	1	1	4.666666666666667	5.833333333333333
4JKP_1	8	35	57	-4.20662	1	1	1	0	1	0	0	0	0	1	1	1	0	1	4.375	7.125
4JLR_1	6	23	23	-8.27737	0	0	0	0	0	0	0	0	1	1	1	1	1	1	3.8333333333333335	3.8333333333333335
4JM2_2	4	22	16	0.310074	0	0	0	0	0	0	0	0	1	1	1	0	1	0	5.5	4.0
4JO3_1	6	36	23	-10.1307	0	0	0	0	1	0	0	0	1	1	1	1	0	1	6.0	3.8333333333333335
4JPK_1	9	33	52	2.08178	1	1	1	0	1	0	0	0	1	1	1	1	0	1	3.6666666666666665	5.777777777777778
4JPW_1	9	36	59	-1.35937	1	1	1	0	1	0	0	0	1	1	1	1	0	1	4.0	6.555555555555555
4JQI_1	8	18	31	-5.07226	1	0	0	0	0	1	1	0	1	1	1	1	1	0	2.25	3.875
4JR9_1	8	20	28	2.76875	1	0	0	0	0	1	0	0	1	1	1	1	1	1	2.5	3.5
4JZJ_1	8	34	40	-5.26418	1	0	0	0	1	0	0	0	1	1	1	1	1	1	4.25	5.0
4JZO_1	7	26	22	-11.006	0	0	0	0	0	0	1	0	1	1	1	1	1	1	3.7142857142857144	3.142857142857143
4K24_1	6	17	24	19.9567	1	0	0	0	0	1	0	0	1	1	1	1	0	0	2.8333333333333335	4.0
4K2U_1	6	28	30	-5.29721	0	0	0	0	0	0	0	0	1	1	1	1	1	1	4.666666666666667	5.0
4K3J_1	6	30	34	-6.96802	0	0	0	0	0	0	0	0	1	1	1	1	1	1	5.0	5.666666666666667
4K7P_2	8	33	101	-1.77187	1	0	1	0	0	0	0	0	1	1	1	1	1	1	4.125	12.625
4K8R_2	5	32	32	-5.16702	0	1	0	0	0	0	0	0	1	1	1	0	0	1	6.4	6.4
4K94_1	8	27	49	-9.75133	1	0	1	0	0	1	0	0	1	1	1	0	1	1	3.375	6.125
4K9E_1	9	28	55	-5.3683	1	0	1	0	0	1	0	0	1	1	1	1	1	1	3.111111111111111	6.111111111111111
4KI5_1	6	22	22	-0.608403	1	0	0	0	0	0	0	0	1	1	1	1	0	1	3.6666666666666665	3.6666666666666665
4KI5_2	6	31	41	-12.7598	1	0	0	0	0	0	0	0	1	1	1	1	0	1	5.166666666666667	6.833333333333333
4KUC_1	6	27	35	2.73196	0	0	0	0	0	0	1	0	1	1	1	1	0	1	4.5	5.833333333333333
4KVN_1	6	36	39	-6.78849	0	0	0	0	0	0	1	0	0	1	1	1	1	1	6.0	6.5
4KXZ_1	6	24	23	-6.45103	1	0	0	0	0	0	0	0	1	1	1	1	0	1	4.0	3.8333333333333335
4L5F_1	8	23	29	1.09472	1	0	0	0	0	0	1	0	1	1	1	1	1	1	2.875	3.625
4LEO_1	5	31	35	-6.65572	0	0	0	0	0	0	0	0	1	1	1	1	0	1	6.2	7.0
4LF3_1	4	25	23	0.0192731	0	0	0	0	0	0	0	0	1	1	1	0	0	1	6.25	5.75
4LIQ_1	8	27	40	-4.31307	1	1	1	0	0	0	0	0	1	1	1	1	0	1	3.375	5.0
4LKX_1	8	32	37	-7.56271	1	1	0	0	0	0	0	0	1	1	1	1	1	1	4.0	4.625
4LMQ_1	6	24	26	-8.48895	0	0	0	0	0	0	0	0	1	1	1	1	1	1	4.0	4.333333333333333
4LQF_1	6	25	29	-9.29235	0	0	0	0	0	0	0	0	1	1	1	1	1	1	4.166666666666667	4.833333333333333
4LSP_1	9	40	59	2.32049	0	1	1	0	1	0	0	1	1	1	1	1	0	1	4.444444444444445	6.555555555555555
4LSQ_1	9	36	58	3.71441	1	1	1	0	1	0	0	0	1	1	1	1	0	1	4.0	6.444444444444445
4LSR_1	10	38	52	5.06908	1	1	1	0	1	0	0	1	1	1	1	1	0	1	3.8	5.2
4LSS_1	9	33	53	4.60216	1	1	1	0	1	0	0	0	1	1	1	1	0	1	3.6666666666666665	5.888888888888889
4LST_1	9	34	56	3.37022	1	1	1	0	1	0	0	0	1	1	1	1	0	1	3.7777777777777777	6.222222222222222
4LSU_1	7	31	54	-2.35784	1	1	1	0	0	0	0	0	1	1	1	0	0	1	4.428571428571429	7.714285714285714
4LU5_1	7	28	28	-5.54408	0	0	1	0	0	1	0	0	1	1	1	1	0	1	4.0	4.0
4LVH_1	4	26	36	24.1039	0	0	0	0	0	0	0	0	0	1	1	1	0	1	6.5	9.0
4LVH_3	4	25	31	18.6476	0	0	0	0	0	0	0	0	0	1	1	1	0	1	6.25	7.75
4LVN_1	7	28	35	-5.56343	1	0	0	0	0	0	1	0	1	1	1	1	0	1	4.0	5.0
4M1C_1	3	20	21	-6.04045	0	0	0	0	0	1	0	0	0	1	1	0	0	0	6.666666666666667	7.0
4M1D_1	5	28	20	-14.4254	0	0	0	0	0	0	0	0	1	1	1	1	0	1	5.6	4.0
4M1G_1	9	37	75	-12.7447	1	0	1	0	0	0	1	0	1	1	1	1	1	1	4.111111111111111	8.333333333333334
4M5Z_1	7	30	36	-0.612848	0	0	0	0	0	0	1	0	1	1	1	1	1	1	4.285714285714286	5.142857142857143
4M62_1	7	38	36	-15.0268	0	1	1	0	0	0	0	0	1	1	1	1	0	1	5.428571428571429	5.142857142857143
4M7L_1	8	35	43	8.04089	1	0	0	0	0	1	0	0	1	1	1	1	1	1	4.375	5.375
4M8Q_1	6	33	26	-15.5042	0	1	0	0	0	0	0	0	1	1	1	1	0	1	5.5	4.333333333333333
4M8Q_2	6	35	28	-15.7073	0	1	1	0	0	0	0	0	1	1	1	0	0	1	5.833333333333333	4.666666666666667
4MHH_1	7	29	45	11.5942	1	0	0	0	0	1	0	0	1	1	1	1	1	0	4.142857142857143	6.428571428571429
4MHJ_1	9	31	45	20.1086	1	0	1	0	0	1	1	0	1	1	1	1	1	0	3.4444444444444446	5.0
4MHJ_2	9	34	42	18.6073	1	0	1	0	0	1	1	0	1	1	1	1	1	0	3.7777777777777777	4.666666666666667
4MWF_1	8	30	29	-12.2423	1	0	0	0	0	1	0	0	1	1	1	1	1	1	3.75	3.625
4MXV_1	6	31	39	-7.72595	0	0	0	0	0	0	0	0	1	1	1	1	1	1	5.166666666666667	6.5
4N0Y_1	6	34	17	-11.9146	1	0	0	0	0	0	0	0	1	1	1	1	0	1	5.666666666666667	2.8333333333333335
4N8C_1	5	32	22	-12.5318	0	0	0	0	0	0	0	0	1	1	1	1	0	1	6.4	4.4
4N90_1	6	35	29	8.30684	0	0	0	0	0	0	1	0	1	1	1	1	0	1	5.833333333333333	4.833333333333333
4N9G_1	6	27	32	-2.76711	0	0	0	0	0	0	0	0	1	1	1	1	1	1	4.5	5.333333333333333
4N9G_2	6	27	33	-0.486953	0	0	0	0	0	0	0	0	1	1	1	1	1	1	4.5	5.5
4N9G_4	5	26	27	-5.93837	0	0	0	0	0	0	0	0	1	1	1	1	0	1	5.2	5.4
4NM8_1	6	25	19	6.95309	1	0	0	0	0	0	0	0	1	1	1	1	1	0	4.166666666666667	3.1666666666666665
4NNP_1	5	28	24	-8.15827	0	0	0	0	0	0	0	0	1	1	1	1	0	1	5.6	4.8
4NP4_1	6	26	36	-3.56559	1	0	0	0	0	0	0	0	1	1	1	1	0	1	4.333333333333333	6.0
4NRX_2	5	30	24	-12.3434	0	0	0	0	0	0	0	0	1	1	1	1	0	1	6.0	4.8
4O02_1	9	24	36	2.20688	1	0	1	0	0	1	0	0	1	1	1	1	1	1	2.6666666666666665	4.0
4O4Y_1	6	29	18	-2.05378	0	1	0	0	0	0	0	0	1	1	1	1	0	1	4.833333333333333	3.0
4O51_1	6	25	19	1.4071	0	1	0	0	0	0	0	0	1	1	1	1	0	1	4.166666666666667	3.1666666666666665
4O58_1	4	26	25	-4.93732	1	0	1	0	0	0	0	0	0	1	1	0	0	0	6.5	6.25
4O9H_1	6	26	34	-3.53853	1	0	0	0	0	0	0	0	1	1	1	1	0	1	4.333333333333333	5.666666666666667
4OD2_1	8	32	34	10.0801	1	0	0	0	0	1	1	0	1	1	1	1	0	1	4.0	4.25
4ODX_1	7	38	31	12.8832	0	1	1	0	0	0	0	0	1	1	1	1	0	1	5.428571428571429	4.428571428571429
4OGY_1	6	19	38	-8.64577	1	0	0	0	0	1	1	0	0	0	1	1	1	0	3.1666666666666665	6.333333333333333
4OGY_2	6	27	51	-9.4983	1	0	0	0	0	1	1	0	1	0	1	0	1	0	4.5	8.5
4OII_1	9	30	48	-2.57307	1	1	0	0	0	1	0	0	1	1	1	1	1	1	3.3333333333333335	5.333333333333333
4OJF_1	6	30	22	-11.017	0	1	0	0	0	0	0	0	1	1	1	1	0	1	5.0	3.6666666666666665
4OKV_1	9	31	30	-4.78901	1	0	1	0	0	1	0	0	1	1	1	1	1	1	3.4444444444444446	3.3333333333333335
4OLU_1	6	29	46	7.03128	0	1	1	0	0	0	0	0	0	1	1	1	0	1	4.833333333333333	7.666666666666667
4OLV_1	7	34	54	0.964475	1	1	1	0	0	0	0	0	0	1	1	1	0	1	4.857142857142857	7.714285714285714
4OLW_1	7	30	47	5.14372	1	1	1	0	0	0	0	0	0	1	1	1	0	1	4.285714285714286	6.714285714285714
4OLX_1	7	30	50	4.43707	1	1	1	0	0	0	0	0	0	1	1	1	0	1	4.285714285714286	7.142857142857143
4OLZ_1	6	30	53	3.19482	0	1	1	0	0	0	0	0	0	1	1	1	0	1	5.0	8.833333333333334
4OM0_1	7	34	53	4.20371	1	1	1	0	0	0	0	0	0	1	1	1	0	1	4.857142857142857	7.571428571428571
4OM1_1	8	31	54	4.17538	1	1	1	0	1	0	0	0	0	1	1	1	0	1	3.875	6.75
4ONF_1	6	28	16	-9.19569	0	1	0	0	0	0	0	0	1	1	1	1	0	1	4.666666666666667	2.6666666666666665
4ONG_1	6	28	16	-3.48972	0	1	0	0	0	0	0	0	1	1	1	1	0	1	4.666666666666667	2.6666666666666665
4OQT_1	6	23	28	0.0418257	0	0	0	0	0	0	0	0	1	1	1	1	1	1	3.8333333333333335	4.666666666666667
4OT1_1	6	26	22	-9.98672	0	0	0	0	0	0	1	0	1	0	1	1	1	1	4.333333333333333	3.6666666666666665
4P3C_1	6	31	26	-15.7137	0	0	0	0	0	0	0	0	1	1	1	1	1	1	5.166666666666667	4.333333333333333
4P59_1	10	36	45	-4.57069	1	1	1	0	0	1	1	0	1	1	1	1	0	1	3.6	4.5
4PLJ_1	5	24	74	24.033	0	0	0	0	1	0	0	0	0	1	1	1	0	1	4.8	14.8
4PP1_1	7	25	41	7.13565	1	0	0	0	0	0	0	0	1	1	1	1	1	1	3.5714285714285716	5.857142857142857
4PP2_1	7	27	39	-6.615	1	0	0	0	0	0	0	0	1	1	1	1	1	1	3.857142857142857	5.571428571428571
4PS4_1	5	19	19	-6.73194	0	0	0	0	0	0	0	0	1	1	1	1	0	1	3.8	3.8
4PY8_1	5	18	20	-6.08634	1	0	0	0	0	1	0	0	1	0	1	1	0	0	3.6	4.0
4Q0X_1	5	27	21	-4.53052	0	0	0	0	0	0	0	0	1	1	1	1	0	1	5.4	4.2
4Q5Z_4	8	47	114	-10.4745	0	0	0	0	0	1	1	1	0	1	1	1	1	1	5.875	14.25
4Q5Z_6	2	18	20	-2.14762	0	0	0	0	0	0	0	0	0	1	1	0	0	0	9.0	10.0
4Q5Z_8	2	18	21	-3.99745	0	0	0	0	0	0	0	0	0	1	1	0	0	0	9.0	10.5
4Q6I_1	7	34	33	9.69035	1	0	0	0	0	0	0	0	1	1	1	1	1	1	4.857142857142857	4.714285714285714
4QCI_1	7	27	30	-19.4248	0	1	0	0	0	0	1	0	0	1	1	1	1	1	3.857142857142857	4.285714285714286
4QEX_1	9	37	31	3.12489	1	0	1	0	0	1	0	0	1	1	1	1	1	1	4.111111111111111	3.4444444444444446
4QHU_1	8	27	42	-15.9739	0	0	0	0	0	1	1	0	1	1	1	1	1	1	3.375	5.25
4QNP_1	4	19	22	0.794194	0	0	0	0	0	1	1	0	0	0	1	0	1	0	4.75	5.5
4QTI_1	6	25	25	0.161939	0	0	0	0	0	0	0	0	1	1	1	1	1	1	4.166666666666667	4.166666666666667
4QWW_1	6	26	38	-6.57353	0	0	0	0	0	0	0	0	1	1	1	1	1	1	4.333333333333333	6.333333333333333
4QYO_1	8	28	29	-13.449	1	0	0	0	0	1	0	0	1	1	1	1	1	1	3.5	3.625
4R2G_1	4	26	17	-7.59818	0	0	0	0	0	0	1	0	0	0	1	1	0	1	6.5	4.25
4R4F_1	7	27	36	-0.882981	0	1	0	0	1	0	0	0	1	1	1	1	0	1	3.857142857142857	5.142857142857143
4R4N_1	8	32	43	2.23672	1	1	0	0	1	0	0	0	1	1	1	1	0	1	4.0	5.375
4R8W_1	4	23	21	-2.27877	0	0	0	0	0	0	1	0	0	1	1	1	0	0	5.75	5.25
4R9Y_1	10	28	82	3.79273	1	0	1	0	0	1	1	0	1	1	1	1	1	1	2.8	8.2
4RAU_1	7	24	34	-3.35209	1	0	0	0	0	0	0	0	1	1	1	1	1	1	3.4285714285714284	4.857142857142857
4RAV_1	6	26	56	-12.7318	0	1	0	0	0	0	0	0	1	1	1	1	0	1	4.333333333333333	9.333333333333334
4RDQ_1	9	25	82	-5.51528	1	0	1	0	0	1	0	0	1	1	1	1	1	1	2.7777777777777777	9.11111111111111
4RGM_1	6	28	33	-10.7422	1	0	1	0	0	0	0	0	0	1	1	1	0	1	4.666666666666667	5.5
4RGN_2	5	31	31	0.952204	0	0	0	0	0	0	0	0	1	1	1	1	0	1	6.2	6.2
4RGO_1	8	31	43	-10.559	1	0	1	0	0	0	0	0	1	1	1	1	1	1	3.875	5.375
4RIS_1	6	29	29	-15.6412	0	0	0	0	0	0	0	0	1	1	1	1	1	1	4.833333333333333	4.833333333333333
4RRP_1	8	31	96	-9.3634	1	0	1	0	1	0	0	0	1	1	1	1	0	1	3.875	12.0
4S1R_1	9	38	54	7.90114	1	1	1	0	1	0	0	0	1	1	1	1	0	1	4.222222222222222	6.0
4S1S_1	9	31	50	14.0676	1	1	1	0	1	0	0	0	1	1	1	1	0	1	3.4444444444444446	5.555555555555555
4TNW_1	6	24	26	-4.57369	0	0	0	0	0	0	0	0	1	1	1	1	1	1	4.0	4.333333333333333
4TQE_1	10	37	33	-13.8114	1	1	1	0	0	1	0	0	1	1	1	1	1	1	3.7	3.3
4TSA_1	5	26	32	-1.91015	0	0	0	0	0	0	0	0	1	1	1	1	0	1	5.2	6.4
4TSB_1	5	28	32	-2.87108	0	0	0	0	0	0	0	0	1	1	1	1	0	1	5.6	6.4
4TSC_1	5	28	31	-4.87258	0	0	0	0	0	0	0	0	1	1	1	1	0	1	5.6	6.2
4TTD_1	5	27	33	-3.0064	0	0	0	0	0	0	0	0	1	1	1	1	0	1	5.4	6.6
4TUK_1	9	33	29	-8.13049	1	1	0	0	0	1	0	0	1	1	1	1	1	1	3.6666666666666665	3.2222222222222223
4TUL_1	9	31	27	-7.18242	1	1	0	0	0	1	0	0	1	1	1	1	1	1	3.4444444444444446	3.0
4U0R_1	4	21	28	-7.39807	0	0	0	0	0	0	0	0	1	1	1	1	0	0	5.25	7.0
4U1G_1	6	32	28	7.92203	1	0	0	0	0	0	0	0	1	1	1	1	0	1	5.333333333333333	4.666666666666667
4U6H_1	8	33	36	1.81665	1	0	1	0	0	0	0	0	1	1	1	1	1	1	4.125	4.5
4U6V_1	6	22	26	-10.0654	0	0	0	0	0	0	0	0	1	1	1	1	1	1	3.6666666666666665	4.333333333333333
4UAO_1	10	35	44	-10.848	1	1	0	0	0	1	1	0	1	1	1	1	1	1	3.5	4.4
4UT6_1	5	27	66	-5.07039	1	0	0	0	0	0	0	0	1	1	1	0	0	1	5.4	13.2
4UT9_1	6	30	110	3.59506	0	0	0	0	0	0	1	0	0	1	1	1	1	1	5.0	18.333333333333332
4UTA_1	7	28	100	5.14054	0	0	0	0	0	1	1	0	0	1	1	1	1	1	4.0	14.285714285714286
4UU9_1	6	24	39	-15.7946	0	0	1	0	0	1	0	0	1	0	1	1	1	0	4.0	6.5
4UV7_1	7	36	29	-9.76707	1	1	0	0	0	0	0	0	1	1	1	1	0	1	5.142857142857143	4.142857142857143
4V1D_1	4	25	29	-0.417989	0	0	0	0	0	0	0	0	1	1	1	0	0	1	6.25	7.25
4V1D_2	6	26	33	-3.00827	0	1	0	0	0	0	0	0	1	1	1	1	0	1	4.333333333333333	5.5
4WEB_1	7	22	21	-5.40309	1	0	1	0	0	1	0	0	1	1	1	0	1	0	3.142857142857143	3.0
4WFF_1	8	22	64	-9.75563	1	1	0	0	0	0	0	0	1	1	1	1	1	1	2.75	8.0
4WHT_1	9	31	33	-6.66746	0	1	1	0	0	1	0	0	1	1	1	1	1	1	3.4444444444444446	3.6666666666666665
4WHY_4	9	29	30	-5.14728	0	1	1	0	0	1	0	0	1	1	1	1	1	1	3.2222222222222223	3.3333333333333335
4WUU_1	9	42	56	-0.295352	0	0	1	0	0	1	1	0	1	1	1	1	1	1	4.666666666666667	6.222222222222222
4WV1_1	8	30	40	-7.79212	1	0	0	0	0	1	1	0	1	1	1	1	1	0	3.75	5.0
4XAK_1	6	30	34	-6.18243	1	0	1	0	0	0	0	0	1	1	1	0	0	1	5.0	5.666666666666667
4XAW_1	6	32	22	-15.0352	0	1	0	0	0	0	0	0	1	1	1	1	0	1	5.333333333333333	3.6666666666666665
4XC1_1	6	34	17	-10.543	0	1	0	0	0	0	0	0	1	1	1	1	0	1	5.666666666666667	2.8333333333333335
4XCF_1	6	32	21	-16.0752	0	1	0	0	0	0	0	0	1	1	1	1	0	1	5.333333333333333	3.5
4XGZ_1	7	25	21	-7.85126	0	1	0	0	0	0	0	0	1	1	1	1	1	1	3.5714285714285716	3.0
4XH2_1	7	24	22	-11.4109	0	1	0	0	0	0	0	0	1	1	1	1	1	1	3.4285714285714284	3.142857142857143
4XH2_2	7	25	28	-12.1798	0	1	0	0	0	0	0	0	1	1	1	1	1	1	3.5714285714285716	4.0
4XH2_3	6	24	23	-10.659	0	1	0	0	0	0	0	0	1	1	1	1	0	1	4.0	3.8333333333333335
4XHJ_1	6	20	30	-9.26839	0	0	0	0	0	1	0	0	0	1	1	1	1	1	3.3333333333333335	5.0
4XI5_1	7	23	46	-0.952082	0	0	0	0	0	1	0	0	1	1	1	1	1	1	3.2857142857142856	6.571428571428571
4XMK_1	6	29	22	-8.08239	0	1	0	0	0	0	0	0	1	1	1	1	0	1	4.833333333333333	3.6666666666666665
4XMP_1	9	47	76	5.86364	1	1	1	0	1	0	0	0	1	1	1	1	0	1	5.222222222222222	8.444444444444445
4XNQ_1	7	28	33	0.680979	0	0	0	0	0	0	1	0	1	1	1	1	1	1	4.0	4.714285714285714
4XNZ_1	8	35	52	7.76237	1	1	1	0	0	0	0	0	1	1	1	1	0	1	4.375	6.5
4XP4_1	5	17	24	-5.82097	0	0	0	0	0	0	0	0	1	1	1	1	0	1	3.4	4.8
4XTR_1	9	21	32	-12.2904	1	0	0	0	0	1	1	0	1	1	1	1	1	1	2.3333333333333335	3.5555555555555554
4XVJ_1	7	35	29	-10.2939	0	1	0	0	0	0	0	0	1	1	1	1	1	1	5.0	4.142857142857143
4XVT_1	8	36	47	-2.08933	1	1	1	0	1	0	0	0	0	1	1	1	0	1	4.5	5.875
4XXD_1	9	34	31	-12.4966	1	0	1	0	0	1	0	0	1	1	1	1	1	1	3.7777777777777777	3.4444444444444446
4Y5V_1	9	34	47	-4.02019	1	0	1	0	0	1	0	0	1	1	1	1	1	1	3.7777777777777777	5.222222222222222
4Y5X_1	6	30	38	-4.40935	0	0	0	0	0	0	1	0	1	1	1	1	1	0	5.0	6.333333333333333
4Y5Y_1	9	29	41	-7.90545	1	0	1	0	0	1	0	0	1	1	1	1	1	1	3.2222222222222223	4.555555555555555
4YBL_1	6	29	32	-6.5759	1	0	0	0	0	0	0	0	1	1	1	1	0	1	4.833333333333333	5.333333333333333
4YBQ_1	7	26	31	12.2478	1	0	0	0	0	0	0	0	1	1	1	1	1	1	3.7142857142857144	4.428571428571429
4YC2_1	6	30	33	-4.31089	1	0	0	0	0	0	0	0	1	1	1	1	0	1	5.0	5.5
4YC2_2	6	28	33	-4.47889	1	0	0	0	0	0	0	0	1	1	1	1	0	1	4.666666666666667	5.5
4YDI_1	7	30	48	7.23008	1	1	1	0	1	0	0	0	0	1	1	0	0	1	4.285714285714286	6.857142857142857
4YDJ_1	7	39	49	-4.2664	1	0	1	0	0	0	0	0	1	1	1	1	1	0	5.571428571428571	7.0
4YDK_1	7	40	72	-5.09641	0	0	1	0	0	0	1	0	0	1	1	1	1	1	5.714285714285714	10.285714285714286
4YDL_1	9	35	49	-3.96819	1	1	1	0	1	0	0	0	1	1	1	1	0	1	3.888888888888889	5.444444444444445
4YDV_1	6	26	22	-10.7722	0	0	0	0	0	1	0	0	1	1	1	0	1	1	4.333333333333333	3.6666666666666665
4YE4_1	5	29	36	5.64696	0	0	0	0	0	0	0	0	1	1	1	1	0	1	5.8	7.2
4YFL_1	7	45	70	38.6708	0	1	1	0	1	0	0	0	1	1	1	0	0	1	6.428571428571429	10.0
4YFL_2	6	41	58	32.6709	0	1	1	0	0	0	0	0	1	1	1	0	0	1	6.833333333333333	9.666666666666666
4YHP_3	2	9	8	1.99416	0	0	0	0	0	0	0	0	0	1	0	0	0	1	4.5	4.0
4YK4_1	4	20	27	0.668236	1	0	0	0	0	0	0	0	1	1	1	0	0	0	5.0	6.75
4YO0_1	6	27	27	-11.6467	0	1	0	0	0	0	0	0	1	1	1	1	0	1	4.5	4.5
4YPG_1	11	41	52	1.69547	1	1	1	0	0	1	1	0	1	1	1	1	1	1	3.727272727272727	4.7272727272727275
4YQX_1	6	32	30	-4.64864	1	0	0	0	0	0	0	0	1	1	1	1	0	1	5.333333333333333	5.0
4YR6_1	5	24	20	-7.43932	0	0	0	0	0	0	0	0	1	1	1	1	0	1	4.8	4.0
4YUE_1	7	24	31	-1.42403	0	0	0	0	0	0	1	0	1	1	1	1	1	1	3.4285714285714284	4.428571428571429
4YWG_1	7	27	24	-9.12543	0	0	1	0	1	1	1	0	1	0	1	0	1	0	3.857142857142857	3.4285714285714284
4YWG_2	6	24	19	-4.69732	0	0	0	0	1	1	1	0	1	0	1	0	1	0	4.0	3.1666666666666665
4YZF_1	5	31	29	3.16813	0	0	0	0	0	0	0	0	1	1	1	1	0	1	6.2	5.8
4Z0X_1	8	30	24	-10.5381	0	1	0	0	0	0	1	0	1	1	1	1	1	1	3.75	3.0
4Z5R_1	6	29	32	-0.299964	0	0	0	0	0	0	0	0	1	1	1	1	1	1	4.833333333333333	5.333333333333333
4ZFG_1	6	23	30	-11.4489	0	0	0	0	0	0	1	0	1	1	1	1	0	1	3.8333333333333335	5.0
4ZFO_1	8	26	34	-16.4794	0	0	0	0	0	1	1	0	1	1	1	1	1	1	3.25	4.25
4ZPT_1	7	28	36	4.14578	0	0	0	0	0	1	0	0	1	1	1	1	1	1	4.0	5.142857142857143
4ZS6_1	5	20	24	-6.88971	0	0	0	0	0	0	0	0	1	1	1	1	0	1	4.0	4.8
4ZS7_1	7	34	38	14.0564	0	0	0	0	0	0	1	0	1	1	1	1	1	1	4.857142857142857	5.428571428571429
4ZSO_1	9	25	37	-8.593	1	0	1	0	0	1	0	0	1	1	1	1	1	1	2.7777777777777777	4.111111111111111
4ZTO_1	6	36	26	-9.09715	0	0	0	0	0	0	1	0	1	1	1	1	0	1	6.0	4.333333333333333
4ZYP_1	8	28	60	7.05448	1	0	0	0	0	1	0	0	1	1	1	1	1	1	3.5	7.5
5A3I_1	7	27	34	2.02154	1	0	0	0	0	1	0	0	1	1	1	1	1	0	3.857142857142857	4.857142857142857
5ANM_2	4	12	10	1.08099	0	0	0	0	0	1	0	0	0	0	1	1	1	0	3.0	2.5
5ANM_3	4	16	11	-1.17243	0	0	0	0	0	1	0	0	0	0	1	1	1	0	4.0	2.75
5ANY_1	7	36	57	491.283	0	0	0	0	0	1	1	0	0	1	1	1	1	1	5.142857142857143	8.142857142857142
5AUM_1	9	35	30	-15.7509	1	0	1	0	0	1	0	0	1	1	1	1	1	1	3.888888888888889	3.3333333333333335
5B3J_1	7	28	36	8.15658	1	0	0	0	0	0	0	0	1	1	1	1	1	1	4.0	5.142857142857143
5B3J_2	7	28	38	7.53155	1	0	0	0	0	0	0	0	1	1	1	1	1	1	4.0	5.428571428571429
5B8C_1	7	36	50	-12.7755	0	0	0	0	0	1	0	0	1	1	1	1	1	1	5.142857142857143	7.142857142857143
5BO1_1	8	31	39	-14.6373	1	0	0	0	0	1	0	0	1	1	1	1	1	1	3.875	4.875
5BV7_1	6	32	41	-10.4044	1	0	0	0	0	0	0	0	1	1	1	1	0	1	5.333333333333333	6.833333333333333
5BV7_2	4	22	30	-11.402	0	0	0	0	0	0	0	0	0	1	1	1	0	1	5.5	7.5
5BVP_1	9	27	40	-7.47175	1	0	1	0	0	1	0	0	1	1	1	1	1	1	3.0	4.444444444444445
5C0N_1	4	24	17	1.34299	0	0	0	0	0	0	1	0	0	0	1	1	0	1	6.0	4.25
5C0R_1	6	25	49	-6.03206	1	0	0	0	0	1	1	0	0	0	1	1	1	0	4.166666666666667	8.166666666666666
5C0S_1	5	19	35	4.21972	1	0	1	0	0	0	0	0	1	1	1	0	0	0	3.8	7.0
5C7X_1	11	41	116	-6.53491	1	1	1	0	1	0	1	0	1	1	1	1	1	1	3.727272727272727	10.545454545454545
5C8J_1	2	18	21	11.6056	0	0	0	0	0	0	0	0	0	1	1	0	0	0	9.0	10.5
5CD5_1	8	29	47	17.4637	1	1	1	0	1	0	0	0	1	1	1	0	0	1	3.625	5.875
5CEZ_1	4	30	23	-2.06058	0	0	0	0	0	0	1	0	0	0	1	1	0	1	7.5	5.75
5CIL_1	7	37	23	-14.1342	1	1	0	0	0	0	0	0	1	1	1	1	0	1	5.285714285714286	3.2857142857142856
5CIN_1	6	34	23	-16.2277	0	1	0	0	0	0	0	0	1	1	1	1	0	1	5.666666666666667	3.8333333333333335
5CJO_1	3	20	21	-11.3718	0	0	0	0	0	1	0	0	0	1	1	0	0	0	6.666666666666667	7.0
5CSZ_1	6	32	24	-8.95279	0	1	0	0	0	0	0	0	1	1	1	1	0	1	5.333333333333333	4.0
5CUS_1	8	32	110	-6.7949	1	0	0	0	0	0	1	0	1	1	1	1	1	1	4.0	13.75
5CWS_1	9	39	92	2.25586	1	0	1	0	0	1	1	0	1	1	1	1	1	0	4.333333333333333	10.222222222222221
5CZV_1	7	27	44	0.758765	0	0	0	0	0	1	0	0	1	1	1	1	1	1	3.857142857142857	6.285714285714286
5CZX_1	8	31	30	-7.68258	1	1	0	0	0	0	1	0	1	1	1	1	0	1	3.875	3.75
5D72_1	11	41	106	-5.72702	1	1	1	0	1	0	1	0	1	1	1	1	1	1	3.727272727272727	9.636363636363637
5D8J_1	5	25	37	-10.9023	0	0	0	0	0	0	0	0	1	1	1	1	0	1	5.0	7.4
5D93_1	7	25	40	-7.18712	0	0	0	0	0	0	1	0	1	1	1	1	1	1	3.5714285714285716	5.714285714285714
5D96_1	7	28	36	-4.66558	1	0	0	0	0	0	0	0	1	1	1	1	1	1	4.0	5.142857142857143
5D9Q_1	4	31	26	3.02912	0	0	0	0	0	0	1	0	0	0	1	1	0	1	7.75	6.5
5DD0_1	4	25	20	-6.50986	0	0	0	0	0	0	0	0	1	1	1	0	0	1	6.25	5.0
5DFV_1	6	27	33	-7.53227	0	0	0	0	0	0	0	0	1	1	1	1	1	1	4.5	5.5
5DHV_1	5	22	25	-13.0377	0	0	0	0	0	0	0	0	1	1	1	1	0	1	4.4	5.0
5DLM_1	11	39	30	-1.59409	0	1	1	1	0	1	0	1	1	1	1	1	1	1	3.5454545454545454	2.727272727272727
5DMG_1	11	27	41	-7.33833	1	1	1	1	0	1	0	0	1	1	1	1	1	1	2.4545454545454546	3.727272727272727
5DMI_1	7	23	33	-2.24443	0	0	0	0	0	1	1	0	1	0	1	1	1	1	3.2857142857142856	4.714285714285714
5DO2_1	7	31	41	0.553739	0	0	0	0	0	1	0	0	1	1	1	1	1	1	4.428571428571429	5.857142857142857
5DRZ_1	8	34	30	-6.6636	0	0	1	0	0	1	0	0	1	1	1	1	1	1	4.25	3.75
5DSC_1	3	19	9	2.80879	0	0	0	0	0	0	0	0	0	1	1	0	0	1	6.333333333333333	3.0
5DUM_1	4	22	27	1.13066	0	0	0	0	0	0	0	0	1	1	1	0	0	1	5.5	6.75
5DUP_1	6	28	30	13.6632	0	0	0	0	0	1	1	0	1	0	1	1	1	0	4.666666666666667	5.0
5DUR_1	10	37	45	3.63034	1	0	1	0	0	1	1	0	1	1	1	1	1	1	3.7	4.5
5DWU_1	9	31	43	8.02553	1	0	1	0	0	1	0	0	1	1	1	1	1	1	3.4444444444444446	4.777777777777778
5E2W_1	6	19	12	-0.332594	1	0	0	0	0	0	0	0	1	1	0	1	1	1	3.1666666666666665	2.0
5E8D_1	8	26	38	-7.62994	1	0	0	0	0	1	0	0	1	1	1	1	1	1	3.25	4.75
5E8E_1	3	17	16	-7.33378	0	0	0	0	0	1	0	0	0	1	1	0	0	0	5.666666666666667	5.333333333333333
5E94_1	6	28	27	-18.8626	0	0	0	0	0	0	0	0	1	1	1	1	1	1	4.666666666666667	4.5
5EA0_1	6	32	20	-9.33635	1	0	0	0	0	0	0	0	1	1	1	1	0	1	5.333333333333333	3.3333333333333335
5EII_1	8	24	33	-12.6244	1	0	0	0	0	0	1	0	1	1	1	1	1	1	3.0	4.125
5EN2_1	6	33	34	-12.8528	0	0	0	0	0	0	1	0	1	1	1	1	0	1	5.5	5.666666666666667
5EOC_1	5	20	19	-2.98382	0	0	0	0	0	0	0	0	1	1	1	1	0	1	4.0	3.8
5EOC_2	5	20	18	1.54117	0	0	0	0	0	0	0	0	1	1	1	1	0	1	4.0	3.6
5EOQ_1	7	25	20	-15.8338	0	0	0	0	0	1	0	0	1	1	1	1	1	1	3.5714285714285716	2.857142857142857
5EOR_1	7	34	24	-0.0146977	0	0	0	0	0	1	0	0	1	1	1	1	1	1	4.857142857142857	3.4285714285714284
5EPM_1	6	27	22	-0.647746	0	0	0	0	0	0	0	0	1	1	1	1	1	1	4.5	3.6666666666666665
5ERW_1	7	26	17	-1.07529	0	0	0	0	0	0	1	0	1	1	1	1	1	1	3.7142857142857144	2.4285714285714284
5ESV_1	4	23	14	-5.28917	1	0	0	0	0	0	0	0	1	1	1	0	0	0	5.75	3.5
5ESZ_1	3	22	11	0.815543	1	0	0	0	0	0	0	0	0	1	1	0	0	0	7.333333333333333	3.6666666666666665
5ESZ_2	2	19	7	2.45067	0	0	0	0	0	0	0	0	0	1	1	0	0	0	9.5	3.5
5EU7_1	5	33	36	-11.4816	0	0	0	0	0	0	0	0	1	1	1	1	1	0	6.6	7.2
5EZO_1	8	26	41	3.88406	0	0	0	0	0	1	1	0	1	1	1	1	1	1	3.25	5.125
5F3B_1	8	31	31	-14.4101	1	1	0	0	0	0	0	0	1	1	1	1	1	1	3.875	3.875
5F3H_1	7	30	28	-7.70983	0	1	0	0	0	0	0	0	1	1	1	1	1	1	4.285714285714286	4.0
5F6J_1	5	22	22	9.1877	0	0	0	0	0	0	0	0	0	1	1	1	1	1	4.4	4.4
5F96_1	7	34	46	4.66647	1	0	1	0	0	0	0	0	1	1	1	1	0	1	4.857142857142857	6.571428571428571
5F9O_1	8	33	44	3.309	1	0	1	0	1	0	0	0	1	1	1	1	0	1	4.125	5.5
5F9W_1	7	28	55	3.94325	0	0	1	0	1	0	0	0	1	1	1	1	0	1	4.0	7.857142857142857
5FB8_1	7	30	40	-6.55529	1	0	0	0	0	1	0	0	1	1	1	1	1	0	4.285714285714286	5.714285714285714
5FCU_1	8	32	45	-10.257	1	0	1	0	0	1	0	0	1	1	1	1	1	0	4.0	5.625
5FEC_1	7	25	38	-0.257998	0	1	1	0	0	0	0	0	1	1	1	1	0	1	3.5714285714285716	5.428571428571429
5FEC_2	8	25	43	7.67735	0	1	1	0	1	0	0	0	1	1	1	1	0	1	3.125	5.375
5FGB_1	6	22	16	-5.9485	1	1	0	0	0	0	0	0	1	1	1	0	0	1	3.6666666666666665	2.6666666666666665
5FGB_2	6	21	14	-6.87985	1	1	0	0	0	0	0	0	1	1	1	0	0	1	3.5	2.3333333333333335
5FGC_1	6	32	21	-10.2135	1	1	0	0	0	0	0	0	1	1	1	0	0	1	5.333333333333333	3.5
5FHC_1	9	32	48	19.5014	1	1	0	0	0	0	1	0	1	1	1	1	1	1	3.5555555555555554	5.333333333333333
5FHC_2	5	19	11	5.46214	0	0	1	0	0	1	0	0	1	0	1	0	1	0	3.8	2.2
5FUU_1	4	32	36	1.63411	0	0	0	0	0	0	0	0	0	1	1	1	0	1	8.0	9.0
5FYK_2	7	29	46	3.69023	1	1	1	0	0	0	0	0	1	1	1	0	0	1	4.142857142857143	6.571428571428571
5FYL_1	4	30	28	0.297176	0	0	0	0	0	0	1	0	0	0	1	1	0	1	7.5	7.0
5GGR_1	6	21	30	15.5622	1	0	0	0	0	1	0	0	1	1	1	0	1	0	3.5	5.0
5GGS_1	8	37	49	-10.3692	1	0	0	0	0	1	0	0	1	1	1	1	1	1	4.625	6.125
5GGT_1	5	20	29	-4.85844	0	0	0	0	0	0	0	0	1	1	1	1	0	1	4.0	5.8
5GIR_1	9	26	72	-12.1802	1	0	1	0	0	1	0	0	1	1	1	1	1	1	2.888888888888889	8.0
5GJS_1	6	26	63	-6.11588	0	0	0	0	0	0	0	0	1	1	1	1	1	1	4.333333333333333	10.5
5GJT_1	6	26	63	-9.60858	0	0	0	0	0	0	0	0	1	1	1	1	1	1	4.333333333333333	10.5
5GS0_3	6	25	33	3.01082	0	0	0	0	0	0	1	0	0	1	1	1	1	1	4.166666666666667	5.5
5GZN_1	9	44	101	7.11473	1	0	0	0	1	1	0	0	1	1	1	1	1	1	4.888888888888889	11.222222222222221
5GZO_1	7	26	35	5.453	1	0	0	0	1	0	0	0	1	1	1	1	0	1	3.7142857142857144	5.0
5H35_1	7	33	44	-5.35064	1	0	1	0	0	1	0	0	1	1	1	0	1	0	4.714285714285714	6.285714285714286
5HDQ_1	4	27	26	-7.69038	0	0	0	0	0	0	0	0	0	1	1	1	0	1	6.75	6.5
5HI4_1	8	26	73	-14.1398	1	0	0	0	0	1	0	0	1	1	1	1	1	1	3.25	9.125
5HJ3_1	7	37	49	-4.03184	1	0	0	0	0	1	0	0	1	1	1	1	1	0	5.285714285714286	7.0
5HYS_3	7	26	32	-6.31084	1	0	0	0	0	1	0	0	1	1	1	1	1	0	3.7142857142857144	4.571428571428571
5I5K_1	6	30	34	7.58796	1	0	0	0	0	0	0	0	1	1	1	1	0	1	5.0	5.666666666666667
5I8C_1	6	28	24	-9.66953	1	0	0	0	0	0	0	0	1	1	1	1	0	1	4.666666666666667	4.0
5I9Q_1	9	28	54	2.26257	1	1	1	0	1	0	0	0	1	1	1	1	0	1	3.111111111111111	6.0
5IBL_1	4	19	31	0.285674	0	0	0	0	0	1	0	0	0	0	1	1	1	0	4.75	7.75
5IES_1	8	25	43	-1.25697	0	1	1	0	1	0	0	0	1	1	1	1	0	1	3.125	5.375
5IG7_1	6	28	19	-nan	0	1	0	0	0	0	0	0	1	1	1	1	0	1	4.666666666666667	3.1666666666666665
5IGX_1	8	29	41	23.6215	1	1	1	0	1	0	0	0	1	1	1	0	0	1	3.625	5.125
5IJK_1	6	28	21	-3.74464	0	0	0	0	0	0	0	0	1	1	1	1	1	1	4.666666666666667	3.5
5IKC_1	8	23	30	-13.3904	1	0	1	0	0	1	0	0	1	1	1	0	1	1	2.875	3.75
5IQ7_1	4	30	17	-8.95207	0	0	0	0	0	0	0	0	1	1	1	0	0	1	7.5	4.25
5IQ9_1	4	31	22	-8.09113	0	0	0	0	0	0	0	0	1	1	1	0	0	1	7.75	5.5
5J13_1	7	26	37	-10.0714	1	0	1	0	0	0	1	0	1	1	1	0	1	0	3.7142857142857144	5.285714285714286
5J3D_1	6	22	22	3.83493	0	0	0	0	0	0	0	0	1	1	1	1	1	1	3.6666666666666665	3.6666666666666665
5J3H_1	7	24	36	0.337126	1	0	0	0	0	0	0	0	1	1	1	1	1	1	3.4285714285714284	5.142857142857143
5JHL_1	7	24	21	-0.0440326	0	1	0	0	0	1	0	0	1	1	1	1	0	1	3.4285714285714284	3.0
5JQ6_1	7	33	40	-8.10154	1	0	0	0	1	0	0	0	1	1	1	1	0	1	4.714285714285714	5.714285714285714
5JW4_1	5	27	59	-7.14183	0	0	0	0	0	0	0	0	1	1	1	1	0	1	5.4	11.8
5JZ7_1	9	41	90	-14.8882	1	0	1	0	0	0	1	0	1	1	1	1	1	1	4.555555555555555	10.0
5K59_1	8	26	31	-12.1543	0	1	0	0	0	1	0	0	1	1	1	1	1	1	3.25	3.875
5K9K_1	6	26	35	-10.3094	0	0	0	0	1	0	0	0	1	1	1	1	0	1	4.333333333333333	5.833333333333333
5K9O_1	5	23	30	7.4322	0	0	0	0	0	0	1	0	0	1	1	1	0	1	4.6	6.0
5K9Q_1	6	26	26	-8.5733	0	0	0	0	0	0	1	0	1	1	1	1	1	0	4.333333333333333	4.333333333333333
5KAQ_1	5	26	28	-4.64477	0	0	0	0	0	0	1	0	0	1	1	1	0	1	5.2	5.6
5KEL_1	6	26	27	0.160321	0	0	0	0	0	0	0	0	1	1	1	1	1	1	4.333333333333333	4.5
5KEM_2	5	22	23	-2.78396	0	0	0	0	0	0	0	0	1	1	1	1	0	1	4.4	4.6
5KEN_1	7	30	32	3.73468	1	0	1	0	0	0	0	0	1	1	1	1	0	1	4.285714285714286	4.571428571428571
5KEN_3	8	25	38	1.32475	0	0	1	0	0	1	0	0	1	1	1	1	1	1	3.125	4.75
5KJR_1	5	26	33	-1.84787	0	0	0	0	0	0	0	0	1	1	1	1	0	1	5.2	6.6
5KN5_1	8	32	40	-11.0078	1	0	1	0	1	0	0	0	1	1	1	1	0	1	4.0	5.0
5KTE_1	8	20	24	8.00577	0	0	1	0	1	0	0	0	1	1	1	1	1	1	2.5	3.0
5KVD_1	8	32	41	-10.8792	1	0	1	0	0	1	0	0	1	1	1	1	1	0	4.0	5.125
5KVE_1	7	29	34	-3.83373	0	0	1	0	0	0	0	0	1	1	1	1	1	1	4.142857142857143	4.857142857142857
5KVF_1	6	25	31	-7.63156	0	0	0	0	0	0	0	0	1	1	1	1	1	1	4.166666666666667	5.166666666666667
5KVG_1	8	29	43	-7.74838	1	0	0	0	0	1	0	0	1	1	1	1	1	1	3.625	5.375
5KW9_1	4	24	30	-3.38752	0	0	0	0	0	0	1	0	0	0	1	1	0	1	6.0	7.5
5L0Q_1	6	28	26	-9.1357	0	1	0	0	0	0	1	0	1	1	1	0	0	1	4.666666666666667	4.333333333333333
5L6Y_1	5	21	25	-16.4275	0	0	0	0	0	0	1	0	0	0	1	1	1	1	4.2	5.0
5LBS_1	5	11	12	1.17612	0	0	0	0	0	1	1	0	0	0	1	1	1	0	2.2	2.4
5LCV_1	3	26	27	1.93989	0	0	0	0	0	0	0	0	0	1	1	0	0	1	8.666666666666666	9.0
5LQB_1	6	30	30	-0.308005	0	1	0	0	0	0	0	0	1	1	1	1	0	1	5.0	5.0
5MES_1	7	31	31	2.88096	1	0	1	0	0	0	0	0	1	1	1	1	0	1	4.428571428571429	4.428571428571429
5MHR_1	8	30	94	-5.844	1	0	0	0	0	0	1	0	1	1	1	1	1	1	3.75	11.75
5MHS_3	5	24	82	3.82368	0	0	0	0	0	0	0	0	0	1	1	1	1	1	4.8	16.4
5MVZ_1	6	21	33	-3.04951	1	0	0	0	0	0	0	0	1	1	1	1	0	1	3.5	5.5
5SX5_1	6	26	41	-8.38223	0	0	0	0	0	0	0	0	1	1	1	1	1	1	4.333333333333333	6.833333333333333
5SY8_1	5	32	27	-20.0798	1	0	0	0	0	0	0	0	1	1	1	0	0	1	6.4	5.4
5T29_1	5	32	24	-16.5872	1	0	0	0	0	0	0	0	1	1	1	0	0	1	6.4	4.8
5T33_1	8	29	36	1.93116	1	0	0	0	0	0	1	0	1	1	1	1	1	1	3.625	4.5
5T5B_1	5	32	24	-18.6089	1	0	0	0	0	0	0	0	1	1	1	0	0	1	6.4	4.8
5T5F_1	7	34	37	-9.6984	1	0	1	0	0	0	0	0	1	1	1	1	0	1	4.857142857142857	5.285714285714286
5T6L_1	5	32	23	-15.416	1	0	0	0	0	0	0	0	1	1	1	0	0	1	6.4	4.6
5T6P_1	8	29	23	-3.98916	0	1	0	0	0	1	0	0	1	1	1	1	1	1	3.625	2.875
5TBD_1	9	30	27	-4.37859	1	0	1	0	0	1	0	0	1	1	1	1	1	1	3.3333333333333335	3.0
5TE7_1	9	36	53	-5.44402	1	1	1	0	1	0	0	0	1	1	1	1	0	1	4.0	5.888888888888889
5TFW_1	5	32	23	-18.3013	1	0	0	0	0	0	0	0	1	1	1	0	0	1	6.4	4.6
5TH9_1	9	24	49	-9.34333	1	0	1	0	0	1	0	0	1	1	1	1	1	1	2.6666666666666665	5.444444444444445
5THR_1	3	18	17	-1.33722	0	0	0	0	0	0	0	0	0	1	1	0	0	1	6.0	5.666666666666667
5TIH_1	9	27	46	-4.6097	1	0	1	0	0	1	0	0	1	1	1	1	1	1	3.0	5.111111111111111
5TLJ_3	7	23	30	-7.64222	0	0	0	0	0	1	0	0	1	1	1	1	1	1	3.2857142857142856	4.285714285714286
5TLK_1	7	23	34	-8.51367	0	0	0	0	0	1	0	0	1	1	1	1	1	1	3.2857142857142856	4.857142857142857
5TLK_3	7	22	25	-10.7098	0	0	0	0	0	1	0	0	1	1	1	1	1	1	3.142857142857143	3.5714285714285716
5TPN_1	6	29	36	8.21511	0	0	0	0	0	0	1	0	1	1	1	1	0	1	4.833333333333333	6.0
5TQQ_1	10	27	47	-8.66047	0	1	1	0	0	1	1	0	1	1	1	1	1	1	2.7	4.7
5TZ2_1	6	25	35	-2.3208	0	0	0	0	0	0	0	0	1	1	1	1	1	1	4.166666666666667	5.833333333333333
5TZT_1	7	26	19	1.79979	1	0	0	0	0	1	0	0	1	1	1	1	1	0	3.7142857142857144	2.7142857142857144
5TZU_1	9	30	42	-19.6581	1	1	0	0	0	1	0	0	1	1	1	1	1	1	3.3333333333333335	4.666666666666667
5U3J_1	5	33	26	-9.93741	1	0	1	0	0	0	0	0	1	1	1	0	0	0	6.6	5.2
5U3L_1	5	33	27	-13.9916	1	0	1	0	0	0	0	0	1	1	1	0	0	0	6.6	5.4
5U3M_1	4	31	23	-9.73149	1	0	0	0	0	0	0	0	1	1	1	0	0	0	7.75	5.75
5U3N_1	4	31	21	-13.8297	1	0	0	0	0	0	0	0	1	1	1	0	0	0	7.75	5.25
5U3O_1	4	28	21	-12.7745	1	0	0	0	0	0	0	0	1	1	1	0	0	0	7.0	5.25
5UGY_1	6	29	41	-3.18827	1	0	0	0	0	0	0	0	1	1	1	1	0	1	4.833333333333333	6.833333333333333
5UQY_1	6	29	43	-12.5025	0	0	0	0	0	0	0	0	1	1	1	1	1	1	4.833333333333333	7.166666666666667
5V2A_1	5	22	33	15.5336	0	0	0	0	0	0	0	0	1	1	1	1	0	1	4.4	6.6
5WTH_1	5	13	12	8.52986	0	0	0	0	0	1	1	0	0	0	1	1	1	0	2.6	2.4
5X08_1	6	32	23	-16.3832	0	1	0	0	0	0	0	0	1	1	1	1	0	1	5.333333333333333	3.8333333333333335
